time,posX,posY,posZ,rotX,rotY,rotZ,forX,forY,forZ,angle,miss,out,outf
0.02,-0.1782944,1.353464,-0.3348455,-1.678955,-5.568604,-0.5059509,-0.09699576,0.02929905,0.9948534,0,0,0,0
0.04,-0.1776528,1.352429,-0.3351268,-1.363922,-5.268799,-0.7980042,-0.09180258,0.02380258,0.9954927,6.825301,0,0,0
0.06,-0.1770923,1.351285,-0.335268,-0.9998169,-4.940704,-0.9897461,-0.08611149,0.01744925,0.9961327,6.497817,0,0,0
0.08,-0.1765695,1.350434,-0.335279,-0.6777039,-4.628235,-1.111572,-0.08068446,0.01182808,0.9966695,6.156955,0,0,0
0.09999999,-0.1765695,1.350434,-0.335279,-0.6777039,-4.628235,-1.111572,-0.08068446,0.01182808,0.9966695,5.851596,0,0,0
0.12,-0.1758595,1.348833,-0.3351948,-0.07427979,-4.037476,-1.326202,-0.07040869,0.001296229,0.9975174,5.851596,0,0,0
0.14,-0.1757599,1.348431,-0.3351417,0.1687228,-3.784241,-1.498077,-0.0659991,-0.002944764,0.9978153,5.333735,0,0,0
0.16,-0.1757599,1.348431,-0.3351417,0.1687228,-3.784241,-1.498077,-0.0659991,-0.002944764,0.9978153,5.1366,0,0,0
0.18,-0.1758644,1.347475,-0.3347692,0.5149896,-3.366608,-1.883911,-0.05872247,-0.008988142,0.9982339,5.1366,0,0,0
0.2,-0.1758644,1.347475,-0.3347692,0.5149896,-3.366608,-1.883911,-0.05872247,-0.008988142,0.9982339,4.834888,0,0,0
0.22,-0.1760824,1.346948,-0.3346078,0.7260556,-3.255981,-2.02002,-0.0567927,-0.01267172,0.9983056,4.834888,0,0,0
0.24,-0.1764306,1.346296,-0.3344299,0.9728292,-3.207886,-2.100128,-0.05595108,-0.01697826,0.9982892,4.806931,0,0,0
0.26,-0.1769134,1.345556,-0.3342485,1.245562,-3.179779,-2.123871,-0.05545605,-0.02173745,0.9982245,4.863894,0,0,0
0.28,-0.1775322,1.344803,-0.3341632,1.524463,-3.210541,-2.086517,-0.05598548,-0.02660376,0.9980771,4.964161,0,0,0
0.3,-0.1781408,1.344084,-0.3338432,1.797596,-3.298676,-1.993622,-0.05751244,-0.03136881,0.9978518,5.132479,0,0,0
0.32,-0.1787331,1.34359,-0.3335447,2.028753,-3.436127,-1.875244,-0.05989798,-0.03540103,0.9975765,5.355952,0,0,0
0.34,-0.1793902,1.343255,-0.3331652,2.187049,-3.579956,-1.782166,-0.06239603,-0.03816194,0.9973216,5.602381,0,0,0
0.36,-0.1799989,1.342986,-0.3327413,2.316343,-3.728363,-1.665405,-0.06497335,-0.0404168,0.9970682,5.815071,0,0,0
0.38,-0.1804466,1.34291,-0.3324014,2.360443,-3.880341,-1.524689,-0.06761558,-0.04118586,0.996861,6.014934,0,0,0
0.4,-0.1804466,1.34291,-0.3324014,2.360443,-3.880341,-1.524689,-0.06761558,-0.04118586,0.996861,6.168344,0,0,0
0.42,-0.1809038,1.342929,-0.332122,2.311668,-4.01651,-1.390015,-0.06998713,-0.04033528,0.9967321,6.168344,0,0,0
0.44,-0.1811996,1.342947,-0.3317137,2.237761,-4.108765,-1.255737,-0.07159551,-0.03904638,0.9966692,6.257866,0,0,0
0.46,-0.1813507,1.342823,-0.3313433,2.163316,-4.140533,-1.088562,-0.07215185,-0.03774802,0.9966791,6.298183,0,1,1
0.48,-0.181539,1.342781,-0.3309892,2.132913,-4.138916,-0.9361877,-0.0721249,-0.03721775,0.996701,6.287902,0,1,1
0.5,-0.1815723,1.342769,-0.3307868,2.122622,-4.114655,-0.8901978,-0.07170317,-0.03703828,0.9967381,6.27223,0,1,1
0.52,-0.1816418,1.342743,-0.3303665,2.093187,-4.106476,-0.7880554,-0.07156258,-0.03652488,0.9967672,6.24642,0,1,1
0.54,-0.1817467,1.342583,-0.3301309,2.091655,-4.065674,-0.7298889,-0.07085259,-0.03649816,0.9968188,6.224914,0,1,1
0.56,-0.18171,1.342413,-0.3299062,2.092659,-3.99585,-0.7393494,-0.06963775,-0.03651567,0.9969038,6.190331,0,1,1
0.58,-0.1816883,1.342405,-0.3297545,2.074815,-3.958466,-0.7789612,-0.06898816,-0.03620443,0.9969603,6.131461,0,1,1
0.6,-0.1816719,1.34245,-0.3294921,2.05125,-3.883575,-0.849762,-0.06768593,-0.03579342,0.9970644,6.090173,0,1,1
0.62,-0.1816707,1.34238,-0.3293526,2.075598,-3.816132,-0.9023743,-0.06651123,-0.03621809,0.9971281,6.013761,0,1,1
0.64,-0.1816294,1.342214,-0.3292706,2.078181,-3.743134,-0.9089661,-0.06524044,-0.03626314,0.9972104,5.969396,0,1,1
0.66,-0.1815903,1.342135,-0.3292704,2.023036,-3.676422,-0.9128418,-0.06408183,-0.0353013,0.9973201,5.909429,0,1,1
0.68,-0.1815929,1.342101,-0.3293237,1.977191,-3.641479,-0.9268188,-0.06347505,-0.03450164,0.9973869,5.82366,0,1,1
0.7,-0.1815656,1.342019,-0.3293791,1.876059,-3.573486,-0.9398804,-0.06229517,-0.03273755,0.9975207,5.769796,0,1,1
0.72,-0.1815245,1.341991,-0.3294072,1.704865,-3.494751,-0.9577637,-0.06092987,-0.02975111,0.9976985,5.658942,0,1,1
0.74,-0.1814719,1.342144,-0.3294061,1.424113,-3.416504,-0.9623108,-0.05957536,-0.0248529,0.9979144,5.503171,0,1,1
0.76,-0.1814396,1.342248,-0.3293902,1.270286,-3.367065,-0.9602356,-0.05871817,-0.02216885,0.9980284,5.296499,0,1,1
0.78,-0.1813731,1.342476,-0.3293418,0.9538988,-3.282532,-0.96521,-0.05725186,-0.01664791,0.998221,5.18081,0,1,1
0.8,-0.181309,1.342785,-0.3293142,0.6112247,-3.169128,-0.9753418,-0.05528058,-0.01066768,0.9984139,4.966686,0,1,1
0.82,-0.1812376,1.343114,-0.3292979,0.3151246,-3.072784,-0.9715271,-0.05360384,-0.005499933,0.9985471,4.729115,0,1,1
0.84,-0.1811485,1.343393,-0.3292462,0.09321804,-2.986511,-0.940094,-0.05210094,-0.001626961,0.9986405,4.538464,0,1,1
0.86,-0.1811142,1.343517,-0.3292224,0.0001039853,-2.94046,-0.9326477,-0.05129798,-1.814886E-06,0.9986834,4.390882,0,1,1
0.88,-0.1810455,1.343775,-0.3291445,-0.2007751,-2.862305,-0.9047241,-0.0499354,0.003503954,0.9987463,4.322006,0,1,1
0.9,-0.1809526,1.34403,-0.3290997,-0.37677,-2.801453,-0.8806458,-0.04887393,0.006575792,0.9987833,4.198993,0,1,1
0.92,-0.1808565,1.344192,-0.3291316,-0.4883728,-2.751678,-0.8755188,-0.04800555,0.008523535,0.9988107,4.104987,0,1,1
0.94,-0.1807934,1.344353,-0.3292227,-0.6277466,-2.726379,-0.8224182,-0.04756325,0.01095615,0.9988081,4.037451,0,1,1
0.96,-0.1807781,1.344449,-0.3292625,-0.7104187,-2.72464,-0.8227844,-0.04753223,0.0123986,0.9987928,3.994,0,1,1
0.98,-0.1807408,1.34459,-0.329307,-0.8075867,-2.721619,-0.7886658,-0.0474787,0.01409482,0.9987728,3.983691,0,1,1
1,-0.1807215,1.344628,-0.3293539,-0.8744202,-2.722321,-0.7882385,-0.04749005,0.01526096,0.9987551,3.972812,0,1,1
1.02,-0.1807493,1.344672,-0.3293951,-0.973938,-2.760559,-0.7909851,-0.04815524,0.01699737,0.9986953,3.969409,0,1,1
1.04,-0.1807654,1.344679,-0.3294434,-1.024292,-2.776642,-0.7955017,-0.04843486,0.01787652,0.9986663,4.004088,0,1,1
1.06,-0.1808112,1.344693,-0.3295096,-1.067383,-2.811737,-0.7999573,-0.04904574,0.0186284,0.9986228,4.019464,0,1,1
1.08,-0.1808681,1.344829,-0.3296863,-1.212097,-2.861328,-0.7797546,-0.04990767,0.02115377,0.9985298,4.054585,0,1,1
1.1,-0.1808708,1.344912,-0.3297842,-1.325867,-2.939819,-0.7312927,-0.05127338,0.02313843,0.9984166,4.107038,0,1,1
1.12,-0.1808514,1.344947,-0.3298652,-1.371857,-3.020905,-0.7329407,-0.05268509,0.0239411,0.9983242,4.19087,0,1,1
1.14,-0.1807893,1.345026,-0.3298346,-1.442047,-3.041626,-0.8041382,-0.05304473,0.02516588,0.998275,4.274618,0,1,1
1.16,-0.1807233,1.345091,-0.329819,-1.471436,-3.021973,-0.8378906,-0.05270168,0.0256788,0.9982801,4.300382,0,1,1
1.18,-0.1806159,1.345186,-0.3298544,-1.535797,-3.027527,-0.8886414,-0.05279649,0.02680153,0.9982455,4.28304,0,1,1
1.2,-0.1804742,1.345223,-0.3299182,-1.52771,-2.997833,-0.8943481,-0.05227958,0.02666065,0.9982765,4.294548,0,1,1
1.22,-0.1803005,1.345214,-0.3300086,-1.575043,-2.979034,-0.8609619,-0.05195114,0.0274864,0.9982713,4.263148,0,1,1
1.24,-0.1801046,1.345223,-0.3300575,-1.656647,-2.968903,-0.7897644,-0.05177243,0.02890999,0.9982404,4.248652,0,1,1
1.26,-0.1800019,1.345229,-0.3300714,-1.671082,-2.96994,-0.7566528,-0.05179005,0.02916157,0.9982321,4.247823,0,1,1
1.28,-0.1798214,1.345212,-0.3301016,-1.658051,-2.960419,-0.7267456,-0.0516243,0.02893456,0.9982473,4.250127,0,1,1
1.3,-0.1796626,1.345093,-0.33017,-1.61026,-2.953705,-0.7252502,-0.0515085,0.0281008,0.9982771,4.237621,0,1,1
1.32,-0.1794995,1.344956,-0.330273,-1.507324,-2.961182,-0.7583618,-0.05164159,0.02630478,0.9983192,4.223409,0,1,1
1.34,-0.1793388,1.344918,-0.3303943,-1.470825,-2.964722,-0.7965393,-0.05170391,0.02566796,0.9983326,4.217655,0,1,1
1.36,-0.1792537,1.344936,-0.3304558,-1.482147,-2.97229,-0.8331604,-0.05183586,0.02586566,0.9983206,4.216401,0,1,1
1.38,-0.1791163,1.345018,-0.3305075,-1.546448,-2.962799,-0.8835449,-0.05166885,0.02698746,0.9982995,4.224382,0,1,1
1.4,-0.1789597,1.345202,-0.3305537,-1.632111,-2.946472,-0.9179688,-0.05138239,0.02848211,0.9982728,4.220904,0,1,1
1.42,-0.1787665,1.345361,-0.3306137,-1.723083,-2.925964,-0.9623718,-0.05102235,0.03006886,0.9982448,4.214403,0,1,1
1.44,-0.1785535,1.345454,-0.3307278,-1.783295,-2.865875,-1.025909,-0.04997409,0.03111918,0.9982656,4.20617,0,1,1
1.46,-0.1784497,1.345481,-0.3308032,-1.795197,-2.830719,-1.054565,-0.04936083,0.03132678,0.9982896,4.155485,0,1,1
1.48,-0.1782356,1.345521,-0.3309987,-1.810242,-2.756195,-1.103729,-0.04806196,0.03158953,0.9983447,4.122221,0,1,1
1.5,-0.17804,1.345509,-0.3311852,-1.802429,-2.676819,-1.122284,-0.04667943,0.03145336,0.9984146,4.050236,0,1,1
1.52,-0.1778752,1.345517,-0.331349,-1.786316,-2.618164,-1.142395,-0.04565723,0.03117179,0.9984707,3.969459,0,1,1
1.54,-0.1778034,1.345529,-0.3314129,-1.780487,-2.59848,-1.157471,-0.04531442,0.0310702,0.9984895,3.907657,0,1,1
1.56,-0.1776854,1.345558,-0.331549,-1.780853,-2.545441,-1.173096,-0.04439,0.03107661,0.9985308,3.886906,0,1,1
1.58,-0.1776223,1.345602,-0.3316944,-1.799438,-2.511047,-1.190674,-0.04379057,0.03140087,0.9985471,3.834,0,1,1
1.6,-0.1775861,1.345644,-0.3318707,-1.817719,-2.507416,-1.204041,-0.04372643,0.03171967,0.9985399,3.80349,0,1,1
1.62,-0.1775698,1.345631,-0.3320443,-1.81662,-2.50946,-1.223724,-0.04376259,0.03170056,0.9985389,3.803232,0,1,1
1.64,-0.1775781,1.345625,-0.3321087,-1.812012,-2.520264,-1.225433,-0.04395095,0.03162039,0.9985331,3.80488,0,1,1
1.66,-0.1776015,1.345653,-0.33219,-1.834595,-2.544983,-1.216675,-0.0443812,0.03201442,0.9985016,3.814645,0,1,1
1.68,-0.1776622,1.345737,-0.3322179,-1.898651,-2.608704,-1.156158,-0.04548982,0.03313138,0.9984152,3.843437,0,1,1
1.7,-0.1777321,1.345863,-0.3322046,-1.945435,-2.659027,-1.181458,-0.04636526,0.03394768,0.9983475,3.919566,0,1,1
1.72,-0.1778189,1.346029,-0.3322047,-1.986694,-2.693665,-1.225739,-0.04696752,0.03466766,0.9982947,3.97951,0,1,1
1.74,-0.1778613,1.346088,-0.3322294,-1.99942,-2.715027,-1.234772,-0.04733937,0.03488928,0.9982694,4.023409,0,1,1
1.76,-0.1779637,1.346118,-0.3323186,-1.970245,-2.781494,-1.195557,-0.04849846,0.03438041,0.9982314,4.047527,0,1,1
1.78,-0.1780874,1.346072,-0.332367,-1.920868,-2.842804,-1.143707,-0.04956781,0.0335192,0.9982082,4.106322,0,1,1
1.8,-0.1782233,1.346028,-0.3324001,-1.926941,-2.888702,-1.112091,-0.05036728,0.0336251,0.9981645,4.156286,0,1,1
1.82,-0.1783823,1.345979,-0.3324147,-1.91275,-2.928894,-1.088409,-0.05106834,0.03337773,0.9981372,4.203282,0,1,1
1.84,-0.1784602,1.34591,-0.3324125,-1.893616,-2.959259,-1.078888,-0.05159749,0.03304375,0.9981211,4.240763,0,1,1
1.86,-0.1786065,1.345711,-0.3324328,-1.783661,-2.993652,-1.03653,-0.05220019,0.0311257,0.9981515,4.267097,0,1,1
1.88,-0.1787203,1.345478,-0.3324826,-1.687622,-3.024109,-1.00058,-0.05273315,0.02945015,0.9981743,4.281714,0,1,1
1.9,-0.1788551,1.345333,-0.3324817,-1.612762,-3.050842,-0.9737244,-0.05320077,0.02814448,0.9981871,4.297284,0,1,1
1.92,-0.178988,1.345298,-0.332427,-1.605011,-3.115479,-0.9046936,-0.0543274,0.028009,0.9981303,4.314386,0,1,1
1.94,-0.1790472,1.345321,-0.3323944,-1.614624,-3.169556,-0.8348999,-0.05526905,0.02817685,0.9980738,4.378509,0,1,1
1.96,-0.179247,1.345399,-0.3323277,-1.664398,-3.350586,-0.6624451,-0.05842064,0.02904523,0.9978694,4.433807,0,1,1
1.98,-0.1796204,1.345483,-0.3323087,-1.692017,-3.605927,-0.5343323,-0.06286639,0.02952696,0.9975851,4.621011,0,1,1
2,-0.1800677,1.345407,-0.3323842,-1.667786,-3.834137,-0.5162659,-0.06683997,0.02910426,0.9973391,4.880219,0,1,1
2.02,-0.1803302,1.345332,-0.3324774,-1.651459,-3.97168,-0.5206604,-0.06923471,0.02881932,0.997184,5.106646,0,1,1
2.04,-0.1807689,1.345274,-0.3325189,-1.629028,-4.222015,-0.5125732,-0.07359155,0.02842803,0.9968832,5.243104,0,1,1
2.06,-0.1812904,1.345168,-0.3325708,-1.594757,-4.471466,-0.5513916,-0.07793219,0.02783016,0.9965702,5.492406,0,1,1
2.08,-0.1816489,1.345021,-0.3325882,-1.530823,-4.706512,-0.5968933,-0.08202244,0.02671471,0.9962724,5.740849,0,1,1
2.1,-0.1820775,1.344934,-0.3325827,-1.464172,-4.877747,-0.6419983,-0.08500197,0.02555199,0.9960531,5.97199,0,1,1
2.12,-0.1822579,1.34491,-0.3325709,-1.459808,-4.958527,-0.6504211,-0.08640675,0.02547553,0.9959342,6.140887,0,1,1
2.14,-0.1826052,1.344888,-0.3325726,-1.439484,-5.099701,-0.6541443,-0.08886129,0.02512114,0.9957272,6.22252,0,2,2
2.16,-0.1828714,1.344792,-0.3325855,-1.370544,-5.187988,-0.6514587,-0.09039819,0.02391804,0.9956185,6.364548,0,2,2
2.18,-0.1831093,1.34462,-0.3325719,-1.281128,-5.259399,-0.6150208,-0.09164187,0.02235806,0.995541,6.450933,0,2,2
2.2,-0.1833224,1.344451,-0.3325359,-1.207184,-5.383606,-0.5309448,-0.09380262,0.02106785,0.9953679,6.520411,0,2,2
2.22,-0.1835835,1.344325,-0.3324726,-1.145874,-5.513885,-0.4673767,-0.09606766,0.01999797,0.9951739,6.64405,0,2,2
2.24,-0.1837321,1.34426,-0.3324473,-1.111298,-5.572601,-0.4398804,-0.09708846,0.01939448,0.9950868,6.775174,0,2,2
2.26,-0.1840213,1.344094,-0.3323957,-1.039581,-5.70639,-0.3891907,-0.09941424,0.01814311,0.9948807,6.834605,0,2,2
2.28,-0.1842915,1.343956,-0.3323949,-0.9824524,-5.85733,-0.3595886,-0.1020366,0.01714616,0.9946328,6.970435,0,2,2
2.3,-0.1846222,1.343898,-0.3323372,-0.9208374,-6.021179,-0.3566895,-0.1048827,0.01607085,0.9943547,7.123757,0,2,2
2.32,-0.184804,1.343855,-0.332291,-0.856842,-6.075623,-0.3775024,-0.1058293,0.01495418,0.9942719,7.290973,0,2,2
2.34,-0.1851715,1.343663,-0.3322577,-0.6975403,-6.21756,-0.3992615,-0.1082963,0.01217419,0.9940441,7.348309,0,2,2
2.36,-0.185507,1.34334,-0.3322729,-0.5359802,-6.365082,-0.4012756,-0.1108583,0.009354403,0.9937922,7.499257,0,2,2
2.38,-0.1858277,1.343149,-0.3322641,-0.5034485,-6.487518,-0.3968811,-0.1129822,0.00878696,0.9935582,7.658782,0,2,2
2.4,-0.1860911,1.343115,-0.3323132,-0.5351563,-6.583771,-0.3959045,-0.1146505,0.009339976,0.9933619,7.785556,0,2,2
2.42,-0.1861942,1.343095,-0.3323736,-0.5338745,-6.613495,-0.4030762,-0.1151662,0.009317749,0.9933025,7.881099,0,2,2
2.44,-0.1863547,1.343027,-0.3324305,-0.5172729,-6.647278,-0.4136963,-0.1157519,0.009028038,0.9932371,7.9116,0,2,2
2.46,-0.1864508,1.343056,-0.3324711,-0.5604553,-6.642792,-0.3911438,-0.1156733,0.009781792,0.9932392,7.947545,0,2,2
2.48,-0.1864261,1.343168,-0.3325424,-0.603302,-6.615234,-0.3678589,-0.1151948,0.01052937,0.9932871,7.940701,0,2,2
2.5,-0.1863891,1.343264,-0.3326312,-0.6026306,-6.540253,-0.358551,-0.1138948,0.01051767,0.9934372,7.910285,0,2,2
2.52,-0.1863745,1.343276,-0.3326825,-0.5807495,-6.491364,-0.3634644,-0.1130477,0.01013586,0.9935378,7.835164,0,2,2
2.54,-0.1862864,1.343243,-0.3328739,-0.5322266,-6.401459,-0.3546448,-0.1114895,0.009289176,0.9937222,7.787673,0,2,2
2.56,-0.1862041,1.343093,-0.3330777,-0.4147644,-6.316467,-0.3357849,-0.1100173,0.007239105,0.9939033,7.700668,0,2,2
2.58,-0.1861369,1.342823,-0.3332348,-0.2550964,-6.25647,-0.3252869,-0.1089778,0.004452476,0.9940342,7.624832,0,2,2
2.6,-0.1861156,1.342478,-0.3333439,-0.06280518,-6.214264,-0.3233032,-0.1082467,0.001096007,0.9941235,7.58046,0,2,2
2.62,-0.1861182,1.342283,-0.3333804,0.05306503,-6.223511,-0.3370667,-0.1084071,-0.0009261594,0.9941062,7.562316,0,2,2
2.64,-0.1861748,1.341832,-0.3334652,0.2953012,-6.235199,-0.3630981,-0.1086088,-0.005153955,0.9940712,7.588145,0,2,2
2.66,-0.1862761,1.341422,-0.3335189,0.4745405,-6.277771,-0.4200745,-0.1093447,-0.0082822,0.9939694,7.640722,0,2,2
2.68,-0.1863998,1.341222,-0.3335503,0.582347,-6.350555,-0.4890442,-0.1106055,-0.0101637,0.9938124,7.718081,0,2,2
2.7,-0.1865644,1.341091,-0.3334717,0.6854617,-6.424316,-0.5742493,-0.1118829,-0.01196328,0.9936494,7.812912,0,2,2
2.72,-0.1866452,1.34102,-0.3334075,0.7329128,-6.460114,-0.5862427,-0.1125021,-0.01279139,0.9935691,7.908821,0,2,2
2.74,-0.1868028,1.340924,-0.3332613,0.7956069,-6.533295,-0.6090393,-0.1137697,-0.01388551,0.9934101,7.955124,0,2,2
2.76,-0.1869441,1.340889,-0.333087,0.834489,-6.590881,-0.5978699,-0.1147669,-0.01456407,0.9932857,8.042079,0,2,2
2.78,-0.187035,1.340828,-0.3329269,0.853607,-6.638428,-0.5895996,-0.1155908,-0.0148977,0.9931852,8.108231,0,2,2
2.8,-0.1871101,1.340773,-0.3327729,0.8430109,-6.656525,-0.5795898,-0.1159043,-0.01471278,0.9931514,8.159691,0,2,2
2.82,-0.1871237,1.340785,-0.3327046,0.8218756,-6.64505,-0.5674133,-0.115706,-0.01434394,0.9931799,8.175364,0,2,2
2.84,-0.1871236,1.340872,-0.332541,0.7579318,-6.647919,-0.510498,-0.115758,-0.01322802,0.9931894,8.159282,0,2,2
2.86,-0.18707,1.340959,-0.33239,0.7063941,-6.638397,-0.5057983,-0.1155942,-0.01232859,0.99322,8.147265,0,2,2
2.88,-0.186976,1.341095,-0.3322511,0.6421076,-6.595154,-0.5759888,-0.1148459,-0.01120666,0.9933201,8.125887,0,2,2
2.9,-0.1868863,1.341275,-0.3321818,0.582481,-6.520355,-0.630188,-0.1135505,-0.01016604,0.9934802,8.068911,0,2,2
2.92,-0.1868392,1.341362,-0.3321784,0.5585893,-6.48349,-0.6425476,-0.1129116,-0.009749068,0.9935572,7.98232,0,2,2
2.94,-0.1867058,1.34147,-0.3322511,0.5038177,-6.3927,-0.6375122,-0.1113378,-0.008793165,0.9937437,7.940824,0,2,2
2.96,-0.186556,1.341494,-0.3323902,0.4537646,-6.305023,-0.6314392,-0.1098178,-0.007919604,0.9939202,7.839647,0,2,2
2.98,-0.1863777,1.341502,-0.3325326,0.4079199,-6.238068,-0.644989,-0.108657,-0.007119485,0.9940538,7.742631,0,2,2
3,-0.1862563,1.341511,-0.3325915,0.3719928,-6.194489,-0.6443481,-0.1079015,-0.006492452,0.9941404,7.666696,0,2,2
3.02,-0.186006,1.341586,-0.3326882,0.2828476,-6.131683,-0.662323,-0.1068128,-0.004936601,0.9942669,7.616153,0,2,2
3.04,-0.1857934,1.341696,-0.332831,0.2005982,-6.080597,-0.6917419,-0.1059268,-0.003501091,0.9943678,7.53601,0,2,2
3.06,-0.1855572,1.341798,-0.3329899,0.1478116,-6.050903,-0.7467346,-0.1054116,-0.002579796,0.9944254,7.469525,0,2,2
3.08,-0.185325,1.342008,-0.3331538,0.05385482,-6.018219,-0.8022766,-0.1048446,-0.0009399438,0.9944882,7.429514,0,2,2
3.1,-0.1850617,1.342303,-0.3332356,-0.1176453,-5.974335,-0.8875732,-0.1040828,0.002053034,0.9945665,7.380334,0,2,2
3.12,-0.1848999,1.342485,-0.3332563,-0.2169189,-5.935425,-0.9129944,-0.1034068,0.003785878,0.9946319,7.310161,0,2,2
3.14,-0.1845157,1.342795,-0.3332932,-0.3709412,-5.87796,-0.9752502,-0.1024075,0.006474287,0.9947215,7.257798,0,2,2
3.16,-0.1841301,1.342998,-0.3333823,-0.480072,-5.829071,-0.986145,-0.1015578,0.008378574,0.9947944,7.180919,0,2,2
3.18,-0.183775,1.343169,-0.3334941,-0.6055298,-5.761261,-1.012817,-0.1003782,0.01056803,0.9948933,7.119432,0,2,2
3.2,-0.1835862,1.343243,-0.333559,-0.6708679,-5.724152,-1.038452,-0.09973229,0.01170851,0.9949454,7.039602,0,2,2
3.22,-0.1832074,1.3434,-0.333703,-0.8050842,-5.623779,-1.104309,-0.09798642,0.01405105,0.9950886,6.997146,0,2,2
3.24,-0.1828519,1.343615,-0.3338072,-0.9593506,-5.519012,-1.222717,-0.09616279,0.01674312,0.9952248,6.887577,0,2,2
3.26,-0.1824229,1.343901,-0.3339083,-1.113861,-5.414459,-1.280609,-0.09434178,0.01943957,0.9953501,6.775868,0,2,2
3.28,-0.182008,1.344145,-0.3339872,-1.207245,-5.297638,-1.373657,-0.09230905,0.02106874,0.9955075,6.667298,0,2,2
3.3,-0.1818634,1.344259,-0.3340397,-1.256561,-5.239105,-1.429993,-0.0912903,0.02192962,0.9955828,6.548889,0,2,2
3.32,-0.1814788,1.344447,-0.3341935,-1.350464,-5.127838,-1.517975,-0.08935321,0.02356809,0.9957211,6.49057,0,2,2
3.34,-0.1811564,1.344632,-0.3343155,-1.438995,-5.014923,-1.606415,-0.08738749,0.0251126,0.9958578,6.380056,0,2,2
3.36,-0.1808781,1.344723,-0.3344583,-1.520386,-4.924408,-1.657104,-0.08581129,0.02653273,0.995958,6.269604,0,2,2
3.38,-0.1807301,1.344739,-0.3345352,-1.552521,-4.880615,-1.663177,-0.08504866,0.02709304,0.9960084,6.182725,0,2,2
3.4,-0.1804471,1.34483,-0.3346688,-1.63559,-4.808502,-1.713287,-0.08379135,0.02854261,0.9960744,6.140503,0,2,2
3.42,-0.1801783,1.344936,-0.3347722,-1.718811,-4.744476,-1.740631,-0.08267503,0.02999428,0.9961251,6.073799,0,2,2
3.44,-0.179957,1.345013,-0.3348673,-1.786652,-4.714233,-1.710815,-0.08214601,0.03117765,0.9961325,6.016628,0,2,2
3.46,-0.1797887,1.34508,-0.3349225,-1.843597,-4.711975,-1.740112,-0.08210402,0.03217123,0.9961044,5.992797,0,2,2
3.48,-0.1797453,1.345161,-0.334916,-1.875519,-4.701324,-1.778748,-0.08191758,0.03272807,0.9961016,5.996492,0,2,2
3.5,-0.1796212,1.345296,-0.334945,-1.91922,-4.671173,-1.831879,-0.08139125,0.03349058,0.9961194,174.1502,0,2,2
3.52,-0.1795528,1.345381,-0.3349859,-1.943481,-4.69162,-1.8255,-0.08174559,0.03391384,0.996076,174.1741,0,2,2
3.54,-0.1795068,1.345398,-0.3349998,-1.944366,-4.70163,-1.82605,-0.08191988,0.0339293,0.9960612,174.1513,0,2,2
3.56,-0.1794105,1.345283,-0.3350242,-1.964294,-4.811127,-1.803619,-0.08382222,0.03427646,0.995891,174.1418,0,2,2
3.58,-0.1794927,1.345175,-0.3350877,-1.968658,-4.957306,-1.830872,-0.08636231,0.03435279,0.9956713,174.034,0,2,2
3.6,-0.1795677,1.345133,-0.3351225,-1.968445,-5.024658,-1.860138,-0.08753295,0.0343491,0.9955692,173.8917,0,2,2
3.62,-0.1797388,1.345074,-0.3351776,-1.976227,-5.221039,-1.882782,-0.09094426,0.034485,0.9952587,173.8262,0,2,2
3.64,-0.1799697,1.345084,-0.335214,-2.001099,-5.455078,-1.951202,-0.09500751,0.03491843,0.9948639,173.6343,0,2,2
3.66,-0.1802261,1.345176,-0.3352227,-2.068573,-5.678986,-2.015961,-0.09889036,0.03609563,0.9944435,173.4031,0,2,2
3.68,-0.1804394,1.345289,-0.3352172,-2.112122,-5.935303,-2.068939,-0.1033354,0.03685527,0.9939635,173.1758,0,2,2
3.7,-0.1805636,1.345322,-0.3352007,-2.132141,-6.048889,-2.079468,-0.1053042,0.03720409,0.9937439,172.9205,0,2,2
3.72,-0.1807836,1.345393,-0.335209,-2.177795,-6.278168,-2.104248,-0.1092767,0.03800054,0.9932847,172.8071,0,2,2
3.74,-0.18103,1.345487,-0.3352729,-2.228943,-6.502899,-2.109741,-0.1131678,0.03889242,0.9928144,172.5777,0,2,2
3.76,-0.1812781,1.345527,-0.3353518,-2.247711,-6.708618,-2.127625,-0.1167301,0.03922005,0.992389,172.3517,0,2,2
3.78,-0.1813774,1.345493,-0.335393,-2.244995,-6.794281,-2.139435,-0.1182139,0.03917274,0.9922152,172.1487,0,2,2
3.8,-0.1814321,1.345451,-0.3354268,-2.244843,-6.876465,-2.147522,-0.1196369,0.03916996,0.9920447,172.0657,0,2,2
3.82,-0.1816512,1.345429,-0.3355194,-2.277679,-7.159882,-2.098328,-0.1245399,0.03974259,0.9914184,171.986,0,2,2
3.84,-0.1818853,1.345479,-0.3356098,-2.318878,-7.363098,-2.046967,-0.1280521,0.04046118,0.9909418,171.7062,0,2,2
3.86,-0.1821467,1.345521,-0.3357108,-2.33551,-7.546356,-2.017487,-0.1312194,0.04075127,0.9905154,171.5026,0,2,2
3.88,-0.1822933,1.345543,-0.3357714,-2.331329,-7.627869,-2.026733,-0.1326285,0.04067814,0.9903308,171.3215,0,2,2
3.9,-0.1825673,1.345561,-0.3358637,-2.319031,-7.762756,-2.013489,-0.1349608,0.04046362,0.9900244,171.2422,0,2,2
3.92,-0.1828272,1.345593,-0.3359073,-2.337311,-7.881714,-1.971008,-0.1370144,0.04078263,0.9897292,171.1117,0,2,2
3.94,-0.1830406,1.345554,-0.33595,-2.316956,-7.984497,-1.935303,-0.1387916,0.04042727,0.9894961,170.9924,0,2,2
3.96,-0.1832397,1.345443,-0.33597,-2.265808,-8.054688,-1.890869,-0.1400088,0.03953549,0.9893606,170.8943,0,2,2
3.98,-0.1833437,1.345361,-0.3359767,-2.236389,-8.089233,-1.849396,-0.1406082,0.03902254,0.989296,170.8316,0,2,2
4,-0.1836349,1.345272,-0.3360057,-2.199738,-8.201752,-1.747589,-0.1425539,0.038383,0.9890425,170.8011,0,2,2
4.02,-0.1840037,1.345296,-0.3360281,-2.208771,-8.321228,-1.628815,-0.1446155,0.0385408,0.988737,170.6944,0,2,2
4.04,-0.1843409,1.345249,-0.3359908,-2.184906,-8.486145,-1.498993,-0.1474632,0.03812453,0.9883325,170.5751,0,2,2
4.06,-0.1847666,1.345194,-0.33598,-2.159271,-8.74472,-1.334564,-0.1519246,0.0376773,0.9876737,170.4156,0,2,2
4.08,-0.1850637,1.345208,-0.3359971,-2.16806,-8.927887,-1.253448,-0.15508,0.03783051,0.9871773,170.1646,0,2,2
4.1,-0.1860811,1.34531,-0.3361055,-2.178589,-9.380341,-1.140259,-0.1628694,0.03801456,0.985915,169.9839,0,2,2
4.12,-0.1869923,1.345262,-0.3362467,-2.129059,-9.922302,-1.081146,-0.1721938,0.03715028,0.9843623,169.5367,0,2,2
4.14,-0.1880906,1.345055,-0.3364753,-2.056458,-10.55197,-1.076355,-0.1830092,0.03588429,0.9824561,169.0086,0,2,2
4.16,-0.1892935,1.344946,-0.3367476,-1.996521,-11.26547,-1.047791,-0.1952368,0.03483864,0.9801372,168.395,0,2,2
4.18,-0.1899978,1.344963,-0.3368269,-1.973846,-11.67432,-1.070221,-0.2022281,0.03444354,0.9787326,167.6967,0,2,2
4.2,-0.1912786,1.344831,-0.3370912,-1.988037,-12.52631,-1.130859,-0.2167571,0.03469086,0.975609,167.2953,0,2,2
4.22,-0.1927438,1.344735,-0.3374304,-1.949219,-13.40918,-1.180573,-0.2317695,0.03401372,0.9721759,166.4555,0,2,2
4.24,-0.1943356,1.344867,-0.3377856,-2.017059,-14.40735,-1.154388,-0.2486597,0.03519687,0.9679512,165.5873,0,2,2
4.26,-0.1959704,1.345011,-0.3381426,-2.120361,-15.42184,-1.140198,-0.2657414,0.0369986,0.9633341,164.5995,0,2,2
4.28,-0.1968989,1.345088,-0.3384199,-2.178711,-15.96835,-1.158966,-0.2749076,0.03801635,0.9607188,163.5934,0,2,2
4.3,-0.1988909,1.345398,-0.3390622,-2.354095,-17.2001,-1.122406,-0.2954603,0.04107513,0.9544716,163.0508,0,2,2
4.32,-0.2010743,1.345793,-0.3398092,-2.620636,-18.633,-1.149231,-0.3191707,0.04572303,0.9465936,161.8258,0,2,2
4.34,-0.2031702,1.346028,-0.3407095,-2.807159,-20.03369,-1.271606,-0.3421616,0.04897467,0.938364,160.3969,0,2,2
4.36,-0.2054426,1.346369,-0.3417043,-3.0466,-21.50662,-1.476776,-0.3660907,0.05314822,0.9290602,159.0048,0,2,2
4.38,-0.2066085,1.346536,-0.3422502,-3.170654,-22.25537,-1.578125,-0.3781554,0.05531026,0.9240884,157.5368,0,2,2
4.4,-0.2087735,1.346818,-0.3433973,-3.383179,-23.71851,-1.735352,-0.4015425,0.05901323,0.9139372,156.7901,0,2,2
4.42,-0.2109435,1.347161,-0.3446659,-3.589783,-25.09973,-1.873413,-0.4233628,0.06261259,0.9037941,155.334,0,2,2
4.44,-0.2130069,1.347618,-0.3458351,-3.865173,-26.43701,-1.981232,-0.444201,0.06740876,0.8933877,153.9577,0,2,2
4.46,-0.2139353,1.347753,-0.3463646,-4.034271,-27.05524,-1.982971,-0.4537222,0.07035308,0.8883618,152.6189,0,2,2
4.48,-0.2158753,1.348316,-0.3475416,-4.323059,-28.22507,-2.015289,-0.4715907,0.07537986,0.8785898,151.9963,0,2,2
4.5,-0.2176682,1.34877,-0.3486981,-4.608673,-29.3237,-1.954346,-0.4881597,0.08034988,0.8690478,150.8189,0,2,2
4.52,-0.2192052,1.349161,-0.3497424,-4.888611,-30.29904,-1.92514,-0.5026779,0.08521892,0.8602632,149.7116,0,2,2
4.54,-0.2207737,1.349577,-0.3508033,-5.14743,-31.16006,-1.914001,-0.515344,0.0897189,0.8522741,148.7259,1,2,2
4.56,-0.2220975,1.349928,-0.3517569,-5.397339,-31.98538,-1.811493,-0.5273545,0.09406197,0.8444227,147.8526,1,2,2
4.58,-0.2226875,1.350089,-0.3522262,-5.501862,-32.38168,-1.76593,-0.5330897,0.09587818,0.8406086,147.0163,1,2,2
4.6,-0.223725,1.350363,-0.353016,-5.654755,-33.02158,-1.704834,-0.5423029,0.09853391,0.8343852,146.6166,1,2,2
4.62,-0.224463,1.350575,-0.3536372,-5.767395,-33.5545,-1.611969,-0.5499322,0.1004901,0.8291419,145.9723,1,2,2
4.64,-0.2247822,1.35069,-0.354115,-5.783905,-34.03787,-1.57785,-0.5568911,0.1007766,0.8244492,145.4382,1,2,2
4.66,-0.2248333,1.350979,-0.3543915,-5.78653,-34.37759,-1.682434,-0.561767,0.1008225,0.8211289,144.9655,1,2,2
4.68,-0.2246308,1.351185,-0.354453,-5.801636,-34.46378,-1.765656,-0.5629866,0.1010847,0.8202609,144.635,1,2,2
4.7,-0.2246563,1.351478,-0.3547365,-5.940399,-34.60315,-1.881805,-0.5648392,0.1034937,0.8186853,144.551,1,2,2
4.72,-0.2231995,1.352175,-0.3543124,-6.158295,-34.69553,-1.940155,-0.5659304,0.1072755,0.817444,144.4004,1,2,2
4.74,-0.2217681,1.352589,-0.3541439,-6.33844,-34.73792,-1.953552,-0.56634,0.1104009,0.8167439,144.2956,1,2,2
4.76,-0.2209632,1.352796,-0.3540422,-6.431885,-34.74261,-1.917938,-0.5663036,0.1120222,0.8165483,144.2428,1,2,2
4.78,-0.2191567,1.353245,-0.353855,-6.646149,-34.7558,-1.87558,-0.5662488,0.1157373,0.8160682,144.2322,1,2,2
4.8,-0.2170339,1.353656,-0.3536624,-6.871307,-34.73947,-1.887634,-0.5657528,0.1196398,0.8158493,144.2047,1,2,2
4.82,-0.2147139,1.354071,-0.3536238,-7.070221,-34.68744,-1.961792,-0.5647717,0.1230855,0.8160165,144.2053,1,2,2
4.84,-0.2122762,1.354595,-0.3536882,-7.341339,-34.65112,-2.000305,-0.5639169,0.1277803,0.8158859,144.244,1,2,2
4.86,-0.2109561,1.354917,-0.3538145,-7.48703,-34.64825,-2.024017,-0.5636897,0.1303015,0.8156442,144.2569,1,2,2
4.88,-0.2081141,1.355587,-0.3541472,-7.739746,-34.57578,-2.086365,-0.5623258,0.1346736,0.8158755,144.2471,1,2,2
4.9,-0.2050621,1.356324,-0.3546098,-8.025513,-34.45624,-2.131714,-0.5602354,0.1396139,0.8164828,144.2971,1,2,2
4.92,-0.2017604,1.35731,-0.3552864,-8.445496,-34.29047,-2.183228,-0.5572793,0.1468687,0.8172327,144.3866,1,2,2
4.94,-0.1982621,1.358443,-0.3560795,-8.996338,-34.05115,-2.229156,-0.5530445,0.1563713,0.8183457,144.4965,1,2,2
4.96,-0.1964523,1.35914,-0.3565615,-9.313507,-33.92001,-2.260803,-0.5506786,0.1618362,0.8188785,144.6484,1,2,2
4.98,-0.1926352,1.360637,-0.3576638,-10.10541,-33.61102,-2.333923,-0.5449643,0.1754595,0.8198951,144.724,1,2,2
5,-0.1885784,1.362028,-0.3588827,-10.94867,-33.24789,-2.432831,-0.5382828,0.1899295,0.8210837,144.8779,1,2,2
5.02,-0.1842753,1.363547,-0.3603433,-11.74719,-32.7966,-2.585419,-0.5303134,0.2035937,0.8229929,145.053,1,2,2
5.04,-0.1797611,1.365101,-0.3619183,-12.6333,-32.30377,-2.694153,-0.52147,0.2187102,0.8247636,145.3003,1,2,2
5.06,-0.1774094,1.365839,-0.3627457,-13.11237,-32.06906,-2.764038,-0.517098,0.2268617,0.8253142,145.5396,1,2,2
5.08,-0.1726355,1.367199,-0.3644226,-14.05652,-31.57602,-2.950745,-0.5079501,0.2428787,0.8264361,145.628,1,2,2
5.1,-0.1675964,1.368325,-0.3661458,-14.91745,-30.991,-3.254028,-0.49755,0.2574269,0.828357,145.8075,1,2,2
5.12,-0.1623148,1.369329,-0.3678369,-15.66769,-30.29294,-3.654724,-0.4856791,0.2700575,0.8313752,146.0675,1,2,2
5.14,-0.1570528,1.370346,-0.3694685,-16.39917,-29.54306,-4.136627,-0.473018,0.2823278,0.8345927,146.4383,1,2,2
5.16,-0.1543625,1.370793,-0.3702217,-16.74817,-29.13611,-4.397675,-0.4662325,0.2881656,0.8364137,146.8316,1,2,2
5.18,-0.1486945,1.371492,-0.3714432,-17.41846,-28.26175,-4.93338,-0.4517875,0.2993484,0.8404039,147.0515,1,2,2
5.2,-0.1428003,1.372125,-0.3724484,-18.04034,-27.22021,-5.523041,-0.4349248,0.3096866,0.8455381,147.5325,1,2,2
5.22,-0.1367941,1.372691,-0.3731901,-18.6073,-26.04251,-6.058197,-0.4160883,0.3190801,0.8515036,148.1411,1,2,2
5.24,-0.1304469,1.373111,-0.3735502,-19.1384,-24.742,-6.470398,-0.3954003,0.3278509,0.8580049,148.8484,1,2,2
5.26,-0.1271838,1.373355,-0.3735945,-19.39725,-23.97379,-6.688873,-0.3832555,0.3321156,0.8618668,149.6299,1,2,2
5.28,-0.1205266,1.373927,-0.3734662,-19.90948,-22.20154,-7.278717,-0.3552811,0.3405352,0.8705235,150.0966,1,2,2
5.3,-0.1136694,1.3744,-0.3730355,-20.36725,-20.16693,-7.991699,-0.3232028,0.3480361,0.8800062,151.1591,1,2,2
5.32,-0.1064665,1.374536,-0.3722984,-20.75067,-17.88461,-8.667908,-0.2871797,0.3543019,0.8899426,152.3568,1,2,2
5.34,-0.09922417,1.37449,-0.3711945,-21.01971,-15.25391,-9.461884,-0.2455896,0.3586889,0.9005709,153.6604,1,2,2
5.36,-0.09573021,1.374359,-0.3706443,-21.07236,-13.87787,-9.912598,-0.2238133,0.3595468,0.9058884,155.1143,1,2,2
5.38,-0.08870333,1.373817,-0.3695306,-21.06766,-11.24265,-10.79501,-0.1819322,0.3594701,0.9152496,155.8672,1,2,2
5.4,-0.08159231,1.373078,-0.3682166,-20.90189,-8.489929,-11.63199,-0.1379202,0.3567688,0.9239557,157.2495,1,2,2
5.42,-0.07479728,1.372503,-0.36684,-20.71066,-5.678589,-12.6293,-0.09255377,0.3536488,0.930788,158.6048,1,2,2
5.44,-0.06829154,1.371723,-0.3653807,-20.42316,-2.937531,-13.59113,-0.04802592,0.3489506,0.9359097,159.7354,1,2,2
5.46,-0.0651595,1.371201,-0.3646135,-20.24017,-1.630737,-14.0152,-0.02670044,0.3459563,0.9378707,160.6283,1,2,2
5.48,-0.05904207,1.3702,-0.3629397,-19.81805,0.9864035,-14.84973,0.01619556,0.3390342,0.9406347,160.9821,1,2,2
5.5,-0.05325289,1.369268,-0.3611969,-19.27258,3.520903,-15.64792,0.05797105,0.330063,0.9421772,161.4974,1,2,2
5.52,-0.04780913,1.368119,-0.3594553,-18.64749,5.826464,-16.33362,0.09618659,0.3197449,0.9426088,161.7929,1,2,2
5.54,-0.04528453,1.367409,-0.3585271,-18.27112,6.919183,-16.62347,0.1143956,0.3135138,0.9426679,161.8805,1,2,2
5.56,-0.04048593,1.365785,-0.3566723,-17.39182,8.853438,-17.05984,0.1468713,0.2989045,0.942913,161.8907,1,2,2
5.58,-0.03797034,1.364952,-0.355675,-16.87991,9.680795,-17.17154,0.1609139,0.2903669,0.9432888,161.9198,1,2,2
5.6,-0.03073839,1.362295,-0.3526375,-15.43817,12.37909,-17.67227,0.2066437,0.2661983,0.9415078,161.9706,1,2,2
5.62,-0.02636095,1.360122,-0.3505372,-14.29599,13.9227,-17.96091,0.2331616,0.246931,0.9405641,161.6101,1,2,2
5.64,-0.02416564,1.359018,-0.3494704,-13.71451,14.63231,-18.069,0.2454128,0.2370839,0.9399807,161.3991,1,2,2
5.66,-0.01966117,1.357033,-0.3472033,-12.58066,16.05115,-18.18048,0.2698569,0.217814,0.9379416,161.2719,1,2,2
5.68,-0.01497276,1.355293,-0.3450693,-11.53189,17.46334,-18.15656,0.2940376,0.1999132,0.9346532,160.8686,1,2,2
5.7,-0.01019495,1.353397,-0.3429849,-10.58463,18.86672,-17.93939,0.3178656,0.1836877,0.9301722,160.2655,1,2,2
5.72,-0.005491393,1.351872,-0.3408876,-9.758392,20.32535,-17.90359,0.3423249,0.169494,0.9241675,159.4912,1,2,2
5.74,-0.002986234,1.351309,-0.3399325,-9.409851,21.14155,-17.88437,0.3558201,0.1634955,0.920142,158.5142,1,2,2
5.76,0.002106028,1.350333,-0.3380729,-8.954407,22.84019,-17.7601,0.3834314,0.1556485,0.9103592,157.8913,1,2,2
5.78,0.007142688,1.349516,-0.336371,-8.593201,24.50614,-17.6459,0.4101343,0.149418,0.8997023,156.4593,1,2,2
5.8,0.01211605,1.348849,-0.3348624,-8.336792,26.20938,-17.56427,0.4369857,0.1449918,0.8877054,154.9901,1,2,2
5.82,0.01691939,1.348399,-0.3334861,-8.06424,27.93653,-17.5654,0.4638604,0.1402833,0.8747309,153.4319,1,2,2
5.84,0.01930974,1.348183,-0.3328552,-7.946838,28.78485,-17.59323,0.4768978,0.1382542,0.8680174,151.8356,1,2,2
5.86,0.02386291,1.34797,-0.3316666,-7.730408,30.42701,-17.61945,0.5018377,0.1345122,0.8544387,151.0413,1,2,2
5.88,0.02841438,1.347822,-0.3306854,-7.538605,32.01191,-17.54916,0.5255138,0.131194,0.840609,149.4921,1,2,2
5.9,0.03271662,1.347651,-0.3298349,-7.300201,33.57357,-17.44107,0.5485246,0.1270682,0.8264227,147.9822,1,2,2
5.92,0.03665017,1.347404,-0.3290941,-6.977051,35.08805,-17.39072,0.5705779,0.1214719,0.8122102,146.4948,1,2,2
5.94,0.03853448,1.347204,-0.3287593,-6.837128,35.8606,-17.39679,0.5816492,0.1190476,0.8046813,145.0582,1,2,2
5.96,0.04221933,1.346864,-0.3281626,-6.556122,37.43755,-17.47791,0.6039209,0.1141762,0.788824,144.3191,1,2,2
5.98,0.04580923,1.346339,-0.3277228,-6.272675,39.0531,-17.54541,0.6262683,0.1092605,0.7719133,142.8045,1,2,2
6,0.04912711,1.345607,-0.3274761,-6.005402,40.65151,-17.49002,0.6478814,0.1046223,0.7545223,141.2458,1,2,2
6.02,0.05240355,1.344629,-0.3275312,-5.72052,42.34172,-17.55359,0.6701965,0.0996763,0.7354599,139.6971,1,2,2
6.04,0.05410092,1.344122,-0.3276006,-5.548523,43.29121,-17.56161,0.6824939,0.09668873,0.7244676,138.0548,1,2,2
6.06,0.05722965,1.34309,-0.3279325,-5.174927,45.12612,-17.43576,0.7057731,0.0901968,0.7026727,137.1312,1,2,2
6.08,0.05994812,1.342015,-0.3284596,-4.748199,46.85087,-17.20065,0.7270722,0.08277701,0.6815526,135.3444,1,2,2
6.1,0.0626214,1.34083,-0.3292079,-4.353607,48.5908,-16.96609,0.7478408,0.0759115,0.6595238,133.6632,1,2,2
6.12,0.0651693,1.339543,-0.3301071,-3.883392,50.40255,-16.70486,0.7687724,0.06772608,0.6359262,131.9588,1,2,2
6.14,0.06629739,1.338932,-0.3305607,-3.594696,51.24989,-16.4949,0.7783489,0.06269836,0.6246935,130.1807,1,2,2
6.16,0.06824435,1.337745,-0.3315492,-3.04715,52.79949,-16.12955,0.7953982,0.05315782,0.6037514,129.3487,1,2,2
6.18,0.07004641,1.33646,-0.3326505,-2.547882,54.36326,-15.83676,0.8119239,0.04445416,0.5820682,127.8229,1,2,2
6.2,0.07173135,1.335251,-0.3336965,-2.05246,55.87041,-15.44876,0.8272398,0.03581457,0.5607066,126.277,1,2,2
6.22,0.07241272,1.334629,-0.3342892,-1.801605,56.5448,-15.26373,0.8339047,0.03143893,0.5510123,124.7824,1,2,2
6.24,0.07361093,1.333312,-0.3353819,-1.289886,57.82583,-14.96796,0.8462188,0.02251084,0.5323598,124.1125,1,2,2
6.26,0.07472865,1.332096,-0.3364667,-0.7845764,59.06083,-14.63812,0.8576332,0.01369316,0.5140797,122.8374,1,2,2
6.28,0.07576814,1.331003,-0.3374102,-0.3284607,60.12703,-14.18576,0.8671176,0.00573267,0.4980705,121.6044,1,2,2
6.3,0.07658622,1.329973,-0.3384204,0.02100112,61.06984,-13.73706,0.87521,-0.0003665388,0.4837431,120.5364,1,2,2
6.32,0.07739002,1.32909,-0.3394268,0.2886911,61.97599,-13.33551,0.8827395,-0.005038589,0.4698356,119.5918,1,2,2
6.34,0.07771514,1.328668,-0.3399006,0.4362898,62.41896,-13.10745,0.8863311,-0.00761462,0.4629894,118.6843,1,2,2
6.36,0.07815835,1.327949,-0.3407477,0.7156402,63.163,-12.60913,0.8922249,-0.01248995,0.4514185,118.2403,1,2,2
6.38,0.07863026,1.327443,-0.3415899,0.8506669,63.74242,-12.21667,0.8967153,-0.01484639,0.4423586,117.4939,1,2,2
6.4,0.07914764,1.327083,-0.3423803,0.9606514,64.31184,-11.86331,0.9010401,-0.01676574,0.4334118,116.9138,1,2,2
6.42,0.07938346,1.326901,-0.3426784,1.015,64.54369,-11.69095,0.9027716,-0.01771416,0.4297553,116.3438,1,2,2
6.44,0.07964668,1.326726,-0.3433405,1.176884,64.86412,-11.35986,0.905112,-0.02053905,0.4246768,116.1112,1,2,2
6.46,0.07986572,1.326658,-0.3439867,1.214689,65.0676,-11.10291,0.906602,-0.02119874,0.4214541,115.7873,1,2,2
6.48,0.07993785,1.326692,-0.3444828,1.228,65.19164,-10.8645,0.9075078,-0.02143101,0.4194882,115.5833,1,2,2
6.5,0.07991281,1.326647,-0.3448924,1.260018,65.17941,-10.58731,0.9074072,-0.02198968,0.4196768,115.4597,1,2,2
6.52,0.07980992,1.326598,-0.3450209,1.273759,65.10529,-10.45462,0.9068587,-0.02222945,0.4208481,115.4709,1,2,2
6.54,0.07968903,1.326515,-0.3453682,1.276479,64.86484,-10.31537,0.9050837,-0.02227692,0.4246497,115.5445,1,2,2
6.56,0.07914009,1.326309,-0.3453761,1.270778,64.55692,-10.2312,0.9027904,-0.02217744,0.4295087,115.7829,1,2,2
6.58,0.07809254,1.326144,-0.344862,1.227624,64.12796,-10.10471,0.8995643,-0.02142444,0.4362626,116.0913,1,2,2
6.6,0.07696856,1.326038,-0.3443438,1.147041,63.50218,-10.03494,0.894772,-0.02001831,0.4460744,116.5239,1,2,2
6.62,0.07626364,1.325944,-0.3440341,1.126037,63.14179,-10.08823,0.891955,-0.01965179,0.4516969,117.1528,1,2,2
6.64,0.07473468,1.32594,-0.3432759,1.10682,62.4659,-10.0954,0.8865704,-0.01931644,0.4621902,117.5145,1,2,2
6.66,0.07283006,1.326217,-0.3420893,1.006364,61.56102,-10.00223,0.8791891,-0.01756346,0.4761492,118.1934,1,2,2
6.68,0.07028548,1.326634,-0.3405315,0.8372667,60.32577,-10.00592,0.8687615,-0.01461254,0.4950151,119.1038,1,2,2
6.7,0.06727301,1.327189,-0.3387917,0.718001,58.97184,-9.977356,0.8568469,-0.01253115,0.5154188,120.3466,1,2,2
6.72,0.06560269,1.32759,-0.3377989,0.6322963,58.22409,-9.893677,0.8500625,-0.01103543,0.5265663,121.7076,1,2,2
6.74,0.06189746,1.328495,-0.3356558,0.3818941,56.61533,-9.667175,0.8349766,-0.00666526,0.5502451,122.4597,1,2,2
6.76,0.05754169,1.329475,-0.3331805,0.06544261,54.74414,-9.486969,0.816582,-0.001142189,0.5772283,124.0796,1,2,2
6.78,0.05247979,1.33049,-0.3305119,-0.2419434,52.70358,-9.401855,0.7955042,0.004222959,0.6059334,125.963,1,2,2
6.8,0.04690795,1.331638,-0.3275494,-0.6604309,50.46379,-9.19223,0.7711713,0.01152642,0.6365234,128.0159,1,2,2
6.82,0.04388699,1.332208,-0.3260784,-0.9277039,49.20433,-9.098633,0.7569453,0.01619062,0.6532777,130.2679,1,2,2
6.84,0.03736786,1.333386,-0.3230961,-1.394989,46.69669,-8.925476,0.7275174,0.02434448,0.6856571,131.532,1,2,2
6.86,0.03015702,1.334509,-0.3202416,-1.73703,44.08739,-8.635864,0.6954351,0.03031233,0.7179493,134.0471,1,2,2
6.88,0.02234997,1.335825,-0.3174269,-2.06958,41.23567,-8.327209,0.6587278,0.03611301,0.7515142,136.6609,1,2,2
6.9,0.01431797,1.337084,-0.3148387,-2.446655,38.48867,-8.002014,0.6217925,0.04268907,0.7820178,139.5115,1,2,2
6.92,0.01011885,1.337666,-0.3136423,-2.637329,37.18126,-7.795471,0.6036984,0.04601401,0.7958838,142.2538,1,2,2
6.94,0.001548976,1.339048,-0.3114975,-2.975189,34.57692,-7.300476,0.5667471,0.05190374,0.8222553,143.5585,1,2,2
6.96,-0.007291446,1.340456,-0.309395,-3.38028,31.89005,-6.879913,0.5273718,0.05896288,0.8475862,146.1541,1,2,2
6.98,-0.01660592,1.341546,-0.3078414,-3.704498,29.26489,-6.560211,0.4878266,0.06461091,0.8705462,148.8196,1,2,2
7,-0.02577534,1.342766,-0.3064484,-4.066925,27.03017,-5.946869,0.4533153,0.07092182,0.8885242,151.4211,1,2,2
7.02,-0.03039365,1.343357,-0.3058271,-4.260712,25.93549,-5.531891,0.4361502,0.07429488,0.8968017,153.6257,1,2,2
7.04,-0.03981374,1.344208,-0.3047417,-4.530853,23.67883,-4.743286,0.4003543,0.07899588,0.9129491,154.6994,1,2,2
7.06,-0.04945197,1.344636,-0.3039339,-4.587128,21.37192,-4.139526,0.3632532,0.07997484,0.9282517,156.9146,1,2,2
7.08,-0.05906318,1.345001,-0.3036067,-4.515747,19.17714,-3.645172,0.3274702,0.07873333,0.9415755,159.1964,1,2,2
7.1,-0.06861438,1.345426,-0.3033184,-4.515411,17.13532,-3.160553,0.293715,0.07872726,0.9526455,161.382,1,2,2
7.12,-0.07339012,1.345502,-0.3032101,-4.505005,16.12239,-2.946808,0.2768322,0.07854596,0.9577027,163.4011,1,2,2
7.14,-0.08291081,1.345523,-0.3031462,-4.393585,14.08711,-2.575775,0.2426816,0.07660753,0.9670765,164.4013,1,2,2
7.16,-0.09232475,1.345448,-0.3032761,-4.267578,12.29655,-2.351288,0.212381,0.07441441,0.9743494,166.4221,1,2,2
7.18,-0.1014178,1.345473,-0.3036,-4.206451,10.71152,-1.99585,0.1853635,0.07335036,0.9799286,168.2047,1,2,2
7.2,-0.1105564,1.345165,-0.3040501,-4.172791,9.156279,-1.599518,0.1587061,0.07276482,0.9846409,169.7638,1,2,2
7.22,-0.1151432,1.344806,-0.3043649,-4.061981,8.407146,-1.437653,0.1458391,0.07083555,0.9867691,171.2693,1,2,2
7.24,-0.1240612,1.344321,-0.3051014,-3.853882,6.99764,-1.131653,0.121553,0.06721199,0.9903067,172.02,1,2,2
7.26,-0.1327865,1.344184,-0.3057004,-3.765564,5.737438,-0.7445374,0.0997541,0.06567438,0.9928424,173.422,1,2,2
7.28,-0.1415363,1.343817,-0.3063391,-3.701447,4.43073,-0.2772522,0.07709262,0.06455763,0.9949317,174.612,1,2,2
7.3,-0.1503734,1.343207,-0.3070121,-3.493683,3.092062,0.1844348,0.05384022,0.06093853,0.9966884,175.7662,1,2,2
7.32,-0.1548047,1.342878,-0.3073184,-3.338074,2.464149,0.3800613,0.04292131,0.05822752,0.9973803,176.9064,1,2,2
7.34,-0.1635964,1.342275,-0.3078119,-3.031097,1.248594,0.8223183,0.02175987,0.05287784,0.9983639,177.4106,1,2,2
7.36,-0.1724327,1.341781,-0.3079516,-2.832306,-0.04284668,1.391627,-0.0007468062,0.04941287,0.9987782,178.0983,1,2,2
7.38,-0.1769922,1.341515,-0.3078605,-2.745667,-0.7926025,1.678536,-0.01381721,0.04790243,0.9987565,177.9176,1,2,2
7.4,-0.1815421,1.341203,-0.3078121,-2.603699,-1.565369,1.883594,-0.02728908,0.04542762,0.9985948,177.4572,1,2,2
7.42,-0.1949487,1.340152,-0.3075743,-2.057953,-3.648163,2.601301,-0.06358846,0.03591033,0.9973299,176.8805,1,2,2
7.44,-0.2038445,1.339669,-0.3070879,-1.700714,-4.973846,3.122277,-0.08666285,0.02967892,0.9957955,175.038,1,2,2
7.46,-0.2127666,1.339256,-0.3063002,-1.51889,-6.354584,3.517961,-0.1106423,0.02650638,0.9935068,173.7449,1,2,2
7.48,-0.2215866,1.338907,-0.3055024,-1.266144,-7.706848,3.921493,-0.1340717,0.02209637,0.9907253,172.3529,1,2,2
7.5,-0.2258779,1.338811,-0.3051524,-1.086639,-8.393585,4.15299,-0.145946,0.01896437,0.9891108,170.9817,1,2,2
7.52,-0.2346327,1.338459,-0.3044514,-0.8192139,-9.830048,4.558961,-0.170709,0.01429723,0.9852178,170.2831,1,2,2
7.54,-0.2435104,1.338108,-0.3037943,-0.6373596,-11.44876,4.892755,-0.1984792,0.01112357,0.980042,168.8169,1,2,2
7.56,-0.2523783,1.33788,-0.3032025,-0.3859253,-12.98569,4.973432,-0.2247024,0.006735638,0.9744042,167.1706,1,2,2
7.58,-0.2610534,1.337305,-0.3026783,-0.03027344,-14.38388,5.059597,-0.2484176,0.0005281754,0.9686529,165.5995,1,2,2
7.6,-0.2654205,1.336987,-0.3024367,0.1537887,-15.08456,5.129084,-0.2602436,-0.002684115,0.9655393,164.1561,1,2,2
7.62,-0.2742102,1.336276,-0.3020861,0.521373,-16.46643,5.294378,-0.2834416,-0.00909955,0.9589463,163.4305,1,2,2
7.64,-0.2827123,1.335175,-0.301719,0.9447988,-17.69604,5.509609,-0.3039258,-0.0164891,0.952553,161.995,1,2,2
7.66,-0.2906294,1.334217,-0.3013997,1.512088,-18.69943,5.877422,-0.3204918,-0.02638784,0.9468837,160.7005,2,2,2
7.68,-0.2982405,1.333743,-0.3009992,1.978597,-19.57495,6.278615,-0.3348398,-0.03452617,0.9416423,159.6084,2,2,2
7.7,-0.3019735,1.333496,-0.3006589,2.10501,-19.93854,6.408407,-0.3407819,-0.03673109,0.9394246,158.6483,2,2,2
7.72,-0.3093259,1.332978,-0.2996987,2.068235,-20.46964,6.522966,-0.3494833,-0.03608967,0.9362472,158.2537,2,2,2
7.74,-0.3160382,1.33257,-0.2987345,2.04811,-20.77774,6.930013,-0.354517,-0.03573865,0.9343663,157.6949,2,2,2
7.76,-0.3220776,1.332756,-0.297841,2.363311,-20.98077,7.337815,-0.3577502,-0.04123586,0.9329064,157.3539,2,2,2
7.78,-0.3276235,1.333125,-0.2962222,2.48516,-21.00909,7.822752,-0.358179,-0.04336063,0.9326455,157.0738,2,2,2
7.8,-0.3301842,1.333463,-0.2951233,2.410542,-20.96564,8.141623,-0.3574914,-0.04205949,0.9329689,156.9918,2,2,2
7.82,-0.3349396,1.334424,-0.2929906,2.296369,-20.87503,8.673282,-0.3560448,-0.04006846,0.9336094,157.0277,2,2,2
7.84,-0.3389263,1.335201,-0.2904298,2.200966,-20.63809,9.204832,-0.3522037,-0.03840465,0.9351351,157.1003,2,2,2
7.86,-0.3425852,1.335896,-0.2873357,2.052573,-20.34933,9.590803,-0.3475201,-0.0358165,0.9369882,157.3163,2,2,2
7.88,-0.345999,1.336613,-0.2837669,1.819884,-19.99347,9.751124,-0.3417403,-0.03175762,0.9392577,157.5914,2,2,2
7.9,-0.347505,1.337052,-0.281999,1.738159,-19.79276,9.720982,-0.3384631,-0.03033194,0.9404907,157.9432,2,2,2
7.92,-0.3501506,1.337795,-0.2781962,1.622614,-19.31387,9.676706,-0.3306102,-0.02831617,0.9433425,158.1378,2,2,2
7.94,-0.3522182,1.338324,-0.2739871,1.505138,-18.67624,9.650018,-0.3201095,-0.02626659,0.9470164,158.5984,2,2,2
7.96,-0.3543414,1.338727,-0.2695245,1.355258,-18.00903,9.557986,-0.3090807,-0.02365151,0.9507416,159.2167,2,2,2
7.98,-0.3562513,1.339352,-0.2651835,1.311581,-17.259,9.362998,-0.296614,-0.02288941,0.9547231,159.8668,2,2,2
8,-0.3572047,1.33975,-0.2629381,1.28917,-16.82535,9.22212,-0.2893822,-0.02249837,0.9569492,160.5864,2,2,2
8.02,-0.3592048,1.340405,-0.2584241,1.231491,-15.98438,9.184375,-0.2753118,-0.02149191,0.9611147,161.0031,2,2,2
8.04,-0.3611084,1.340892,-0.2538497,1.199236,-15.28354,9.302019,-0.2635381,-0.02092908,0.9644219,161.8117,2,2,2
8.059999,-0.3633155,1.341649,-0.2494162,1.234356,-14.64694,9.452577,-0.2528033,-0.0215419,0.9672778,162.4816,2,2,2
8.08,-0.3654852,1.342635,-0.2453377,1.317411,-14.21365,9.768012,-0.2454736,-0.02299114,0.9691306,163.0786,2,2,2
8.099999,-0.3666454,1.343,-0.243372,1.377899,-14.09244,9.933703,-0.2434167,-0.02404656,0.9696237,163.472,2,2,2
8.12,-0.3691117,1.343688,-0.2395289,1.527661,-13.93863,10.20928,-0.2407969,-0.02665956,0.9702093,163.5728,2,2,2
8.139999,-0.3718612,1.344532,-0.2357597,1.601513,-13.89478,10.37443,-0.2400455,-0.02794803,0.9703593,163.6826,2,2,2
8.16,-0.3747633,1.345573,-0.232237,1.643427,-13.95654,10.50883,-0.2410866,-0.02867928,0.9700798,163.695,2,2,2
8.179999,-0.377539,1.346645,-0.228824,1.578289,-14.11182,10.56397,-0.2437225,-0.02754286,0.9694538,163.6096,2,2,2
8.2,-0.3789165,1.347232,-0.2272157,1.544331,-14.20663,10.62703,-0.2453304,-0.02695039,0.9690648,163.4514,2,2,2
8.22,-0.3816881,1.348443,-0.2241552,1.470767,-14.51135,10.7804,-0.2504893,-0.02566691,0.9677791,163.3559,2,2,2
8.24,-0.3845591,1.349794,-0.2211947,1.351819,-14.91534,10.87554,-0.2573198,-0.02359151,0.9660383,163.0538,2,2,2
8.26,-0.3872776,1.351132,-0.218378,1.212103,-15.30145,10.91688,-0.2638383,-0.02115361,0.964335,162.6602,2,2,2
8.28,-0.3901446,1.352636,-0.2156387,1.000718,-15.71252,10.94832,-0.2707696,-0.01746493,0.9624857,162.2856,2,2,2
8.3,-0.3916181,1.353508,-0.2142991,0.8377576,-15.9715,10.97703,-0.2751295,-0.01462111,0.961296,161.8914,2,2,2
8.32,-0.3943566,1.355357,-0.211784,0.4206947,-16.55798,11.03141,-0.2849779,-0.007342441,0.958506,161.6465,2,2,2
8.34,-0.3971583,1.357001,-0.2093931,-0.04547119,-17.06354,11.01306,-0.293432,0.0007938743,0.9559796,161.0922,2,2,2
8.36,-0.3997857,1.358667,-0.2069285,-0.4562073,-17.56638,11.06837,-0.3018011,0.007962205,0.9533377,160.6078,2,2,2
8.38,-0.4022354,1.360165,-0.2044528,-0.7555847,-18.03073,11.14754,-0.3095001,0.01318707,0.950808,160.1139,2,2,2
8.4,-0.4034129,1.360789,-0.2031742,-0.8842468,-18.26852,11.23323,-0.3134336,0.01543217,0.9494847,159.6489,2,2,2
8.42,-0.4058541,1.361975,-0.2006159,-1.11203,-18.76196,11.3168,-0.3215769,0.01940712,0.9466846,159.4093,2,2,2
8.44,-0.4082473,1.362968,-0.1981024,-1.243805,-19.23248,11.38346,-0.3293243,0.02170687,0.9439673,158.9099,2,2,2
8.46,-0.4106684,1.363645,-0.195744,-1.244781,-19.7821,11.42847,-0.3383639,0.02172402,0.9407645,158.4321,2,2,2
8.48,-0.4119616,1.363873,-0.1945399,-1.233002,-20.11282,11.49673,-0.34379,0.02151829,0.9388,157.8775,2,2,2
8.5,-0.4146803,1.364296,-0.1922183,-1.216675,-20.91547,11.59245,-0.3569099,0.02123337,0.9338975,157.5451,2,2,2
8.52,-0.417445,1.364573,-0.1899855,-1.131531,-21.75229,11.51542,-0.3705224,0.01974748,0.9286136,156.7412,2,2,2
8.54,-0.4201867,1.364798,-0.1878824,-0.9524536,-22.5397,11.35477,-0.3832708,0.01662249,0.9234864,155.9037,2,2,2
8.559999,-0.4229336,1.364952,-0.1857686,-0.8147888,-23.40314,11.19799,-0.3971577,0.01422049,0.9176402,155.1142,2,2,2
8.58,-0.4254341,1.364952,-0.1838018,-0.680481,-24.26306,11.08654,-0.4108977,0.01187646,0.9116041,154.2494,2,2,2
8.599999,-0.4265389,1.364831,-0.1829099,-0.583252,-24.69562,11.05702,-0.4177759,0.01017957,0.9084931,153.3889,2,2,2
8.62,-0.4287018,1.364561,-0.1812441,-0.3787842,-25.57489,10.99698,-0.4316813,0.006611235,0.902002,152.9565,2,2,2
8.639999,-0.430723,1.364733,-0.179664,-0.2029114,-26.46973,10.97486,-0.4457221,0.003541708,0.8951644,152.0769,2,2,2
8.66,-0.4325294,1.364878,-0.1781964,-0.05126953,-27.3645,10.97273,-0.4596495,0.00089496,0.8881,151.1826,2,2,2
8.679999,-0.4334064,1.36492,-0.1775457,0.01067644,-27.83307,10.97032,-0.4668973,-0.000186339,0.8843116,150.2898,2,2,2
8.7,-0.4351144,1.365157,-0.1764666,0.1513442,-28.89148,10.89886,-0.4831505,-0.002641451,0.8755333,149.8231,2,2,2
8.72,-0.4367298,1.365281,-0.1757709,0.3339241,-30.04901,10.78371,-0.500732,-0.005828038,0.8655827,148.7704,2,2,2
8.74,-0.4381806,1.365473,-0.1753996,0.6152292,-31.44775,10.61989,-0.5216907,-0.01073757,0.8530672,147.6193,2,2,2
8.76,-0.4396018,1.365842,-0.1753107,0.884163,-32.95084,10.40479,-0.5438545,-0.01543094,0.8390376,146.2284,2,2,2
8.78,-0.4403246,1.365991,-0.1755393,0.9979251,-33.828,10.27442,-0.5566172,-0.0174162,0.8305865,144.7347,2,2,2
8.8,-0.4417506,1.366155,-0.1761383,1.188306,-35.74036,10.02229,-0.5839874,-0.02073836,0.8114978,143.8654,2,2,2
8.82,-0.4428259,1.36644,-0.177165,1.472798,-37.78622,9.58414,-0.6125147,-0.02570235,0.7900413,141.9733,2,2,2
8.84,-0.4435582,1.366754,-0.1788463,1.835461,-39.74866,9.056299,-0.639093,-0.03202935,0.7684623,139.9471,2,2,2
8.86,-0.4440872,1.367051,-0.1811669,2.144747,-42.04352,8.562148,-0.6692259,-0.03742415,0.7421159,137.9995,2,2,2
8.88,-0.4442363,1.367295,-0.182396,2.278496,-43.21899,8.291663,-0.6842473,-0.03975677,0.7281656,135.7292,2,2,2
8.9,-0.4442279,1.367736,-0.1851049,2.495481,-45.56171,7.682278,-0.7133278,-0.04354059,0.6994767,134.5682,2,2,2
8.92,-0.44389,1.368159,-0.1883673,2.694602,-47.87604,7.067877,-0.7408751,-0.04701233,0.6699954,132.2585,2,2,2
8.94,-0.443285,1.36901,-0.1919362,2.755569,-50.33093,6.593426,-0.7688541,-0.04807522,0.6376144,129.9788,2,2,2
8.96,-0.4420855,1.369962,-0.1958349,2.786017,-52.81134,6.106913,-0.795708,-0.04860602,0.6037269,127.5695,2,2,2
8.98,-0.4412056,1.370396,-0.1979466,2.842724,-54.03564,5.847015,-0.8083867,-0.04959454,0.5865589,125.1388,2,2,2
9,-0.4390561,1.371221,-0.2024212,2.932803,-56.39389,5.224646,-0.8317713,-0.05116472,0.5527555,123.9381,2,2,2
9.02,-0.4366459,1.37246,-0.2068562,2.831441,-58.71478,4.77084,-0.8535497,-0.04939786,0.5186645,121.6282,2,2,2
9.04,-0.4337776,1.373658,-0.2116449,2.654262,-61.09442,4.339926,-0.8744783,-0.04630904,0.4828491,119.3637,2,2,2
9.059999,-0.4302749,1.374891,-0.2166657,2.627969,-63.4281,3.918839,-0.8934332,-0.04585063,0.4468501,117.0445,2,2,2
9.08,-0.4283787,1.375524,-0.2191993,2.586049,-64.58154,3.71286,-0.9022772,-0.04511974,0.4287891,114.7661,2,2,2
9.099999,-0.4246253,1.377049,-0.2242387,2.294782,-66.87521,3.293751,-0.9189142,-0.0400408,0.39242,113.6413,2,2,2
9.12,-0.4205092,1.378639,-0.2292868,1.80506,-69.12909,2.906435,-0.9339218,-0.03149903,0.3560869,111.4089,2,2,2
9.139999,-0.4160663,1.379684,-0.2344457,1.447613,-71.30344,2.485204,-0.9469271,-0.02526293,0.320454,109.2197,2,2,2
9.16,-0.4113248,1.380507,-0.2396495,1.227976,-73.46649,1.995965,-0.9584334,-0.02143058,0.2845105,107.1035,2,2,2
9.179999,-0.4088181,1.380911,-0.2421459,1.187301,-74.4841,1.782958,-0.9633493,-0.02072083,0.2674485,104.9944,2,2,2
9.2,-0.4038856,1.381795,-0.2471482,1.029484,-76.4711,1.362404,-0.9720951,-0.01796691,0.2338981,104.002,2,2,2
9.22,-0.4014794,1.382167,-0.2495403,0.9942034,-77.4173,1.106535,-0.9758356,-0.01735125,0.2178158,102.0645,2,2,2
9.24,-0.3939964,1.382904,-0.2567995,0.8769738,-80.30801,0.4463592,-0.9856116,-0.01530548,0.1683319,101.1409,2,2,2
9.26,-0.3889728,1.383061,-0.2616592,1.000212,-82.15219,0.1022053,-0.9904832,-0.0174561,0.1365215,98.31769,2,2,2
9.28,-0.3864932,1.383288,-0.2640005,1.068654,-83.0813,-0.05801392,-0.9925454,-0.01865044,0.1204403,96.51328,2,2,2
9.3,-0.3817116,1.383931,-0.2686655,1.143252,-84.86087,-0.3529053,-0.9957818,-0.01995219,0.08955681,95.60326,2,2,2
9.32,-0.3768607,1.384435,-0.2733334,1.186385,-86.57605,-0.6953735,-0.998001,-0.02070484,0.05971065,93.86048,2,2,2
9.34,-0.3720801,1.384994,-0.277873,1.153411,-88.25079,-0.9410095,-0.9993317,-0.02012946,0.03051829,92.18169,2,2,2
9.36,-0.3674882,1.385845,-0.2822222,0.9020388,-89.87985,-1.009583,-0.9998739,-0.0157429,0.002096659,90.54267,2,2,2
9.38,-0.3652485,1.386257,-0.2843752,0.7181131,-90.66788,-1.003723,-0.9998536,-0.01253311,-0.01165526,88.94966,2,2,2
9.4,-0.3608447,1.386807,-0.2884566,0.3268625,-92.18735,-0.9425049,-0.9992552,-0.005704795,-0.03816629,88.17955,2,2,2
9.42,-0.3565766,1.387192,-0.2924769,0.03841005,-93.62915,-0.8183289,-0.9979944,-0.0006703818,-0.06329845,86.69482,2,2,2
9.44,-0.3523176,1.387396,-0.2962003,-0.1861572,-95.07166,-0.7354431,-0.9960797,0.003248996,-0.08840072,85.28462,2,2,2
9.46,-0.3503008,1.38739,-0.298041,-0.2739868,-95.763,-0.7312622,-0.9949344,0.004782004,-0.1004124,83.87205,2,2,2
9.48,-0.3463463,1.387367,-0.3015383,-0.3814087,-97.09821,-0.730072,-0.9923139,0.006656846,-0.1235676,83.19433,2,2,2
9.5,-0.342555,1.387135,-0.304877,-0.4886475,-98.44888,-0.7514648,-0.9891114,0.008528386,-0.1469217,81.88446,2,2,2
9.52,-0.3390637,1.386779,-0.3079855,-0.5673828,-99.77805,-0.7846375,-0.9854247,0.0099023,-0.1698236,80.55728,2,2,2
9.54,-0.3356949,1.386282,-0.3109495,-0.5837402,-101.0399,-0.8547363,-0.9814432,0.01018797,-0.1914824,79.24852,2,2,2
9.559999,-0.3324767,1.385576,-0.3136997,-0.4928894,-102.2118,-0.9894409,-0.9773365,0.008602271,-0.2115176,78.00488,2,2,2
9.58,-0.3309395,1.385206,-0.3149825,-0.3999023,-102.7743,-1.052277,-0.975225,0.006979491,-0.2211057,76.84821,2,2,2
9.599999,-0.3280351,1.384467,-0.3175147,-0.2061157,-103.8936,-1.152344,-0.9707372,0.003597226,-0.2401175,76.29189,2,2,2
9.62,-0.3253641,1.383641,-0.3198372,-0.01251221,-105.0415,-1.18457,-0.9657379,0.0002185656,-0.2595194,75.18346,2,2,2
9.639999,-0.3228862,1.38274,-0.3221081,0.1695624,-106.1492,-1.219177,-0.9605367,-0.002959417,-0.2781376,74.0441,2,2,2
9.66,-0.3217266,1.382387,-0.323213,0.2452651,-106.6963,-1.25061,-0.9578324,-0.00428067,-0.2872955,72.9438,2,2,2
9.679999,-0.319511,1.381648,-0.3253372,0.2866994,-107.8023,-1.288818,-0.9521052,-0.005003828,-0.3057297,72.39993,2,2,2
9.7,-0.3175495,1.380866,-0.3275299,0.1751961,-108.9362,-1.201172,-0.9458764,-0.003057743,-0.3245127,71.3007,2,2,2
9.719999,-0.3157143,1.380031,-0.3297279,0.04606045,-110.1545,-1.152924,-0.9387665,-0.0008039065,-0.344553,70.17329,2,2,2
9.74,-0.3138485,1.378992,-0.3320652,-0.01608276,-111.3856,-1.203857,-0.9311477,0.0002807314,-0.3646427,68.95966,2,2,2
9.76,-0.312856,1.378455,-0.3332452,0.02508739,-112.0161,-1.259003,-0.9270782,-0.0004378576,-0.3748676,67.73196,2,2,2
9.78,-0.3109656,1.377373,-0.3355476,0.1858892,-113.3274,-1.355774,-0.9182526,-0.003244372,-0.3959823,67.10198,2,2,2
9.8,-0.308992,1.376345,-0.3378917,0.4040595,-114.7082,-1.379089,-0.9084255,-0.007052111,-0.4179873,65.78914,2,2,2
9.82,-0.3069366,1.375394,-0.3403364,0.581856,-116.1615,-1.372253,-0.8975089,-0.01015513,-0.4408799,64.40522,2,2,2
9.84,-0.3049071,1.374589,-0.3427261,0.7741461,-117.6734,-1.368164,-0.8855286,-0.01351099,-0.4643885,62.94885,2,2,2
9.86,-0.3039024,1.374239,-0.3439252,0.8891464,-118.4263,-1.378876,-0.8793247,-0.01551791,-0.4759702,61.43229,2,2,2
9.88,-0.3017861,1.373854,-0.3463276,1.054014,-119.9176,-1.408295,-0.8665969,-0.01839497,-0.4986698,60.67675,2,2,2
9.9,-0.2997383,1.373537,-0.3486353,1.108164,-121.3809,-1.340118,-0.853565,-0.01933991,-0.5206271,59.18125,2,2,2
9.92,-0.2976924,1.373374,-0.350796,1.175379,-122.8585,-1.265656,-0.8398364,-0.0205128,-0.5424519,57.71382,2,2,2
9.94,-0.295543,1.37325,-0.3528841,1.251101,-124.3003,-1.217041,-0.8258982,-0.02183409,-0.5633962,56.23109,2,2,2
9.96,-0.2945204,1.373239,-0.3538616,1.269316,-124.9735,-1.213287,-0.8192162,-0.02215192,-0.5730568,54.78468,2,2,2
9.98,-0.2927144,1.37318,-0.3556199,1.250489,-126.2446,-1.229889,-0.8063087,-0.02182342,-0.5910922,54.10934,2,2,2
10,-0.2909207,1.3732,-0.3572691,1.240788,-127.4284,-1.197571,-0.7939276,-0.02165415,-0.6076266,52.83302,2,2,2
10.02,-0.2890193,1.373214,-0.3589384,1.270612,-128.6152,-1.123657,-0.7811625,-0.02217454,-0.6239337,51.64458,2,2,2
10.04,-0.287341,1.373377,-0.3604097,1.321543,-129.8276,-1.07959,-0.7677707,-0.02306323,-0.6403097,50.45327,2,2,2
10.06,-0.2865497,1.37356,-0.3611439,1.352169,-130.4138,-1.057526,-0.7611701,-0.02359761,-0.6481231,49.23405,2,2,2
10.08,-0.2848664,1.37394,-0.3626069,1.401276,-131.5873,-1.010376,-0.7477216,-0.02445444,-0.6635621,48.64429,2,2,2
10.1,-0.2832797,1.374246,-0.364018,1.373855,-132.8148,-0.9508972,-0.7333436,-0.02397599,-0.6794353,47.46411,2,2,2
10.12,-0.2819823,1.374688,-0.3653934,1.275339,-134.0352,-0.9049072,-0.7187344,-0.02225703,-0.6949284,46.22776,2,2,2
10.14,-0.2806197,1.374951,-0.3667604,1.145187,-135.2521,-0.8655701,-0.7038481,-0.01998596,-0.7100695,44.99596,2,2,2
10.16,-0.2799351,1.375022,-0.3674327,1.10458,-135.8857,-0.8177185,-0.6959622,-0.01927737,-0.7178197,43.76783,2,2,2
10.18,-0.2787116,1.375265,-0.3687807,1.021891,-137.1955,-0.7227478,-0.6793907,-0.01783442,-0.73356,43.12801,2,2,2
10.2,-0.2775617,1.375465,-0.3701285,0.9441102,-138.5398,-0.6965332,-0.6620096,-0.01647709,-0.7493147,41.80381,2,2,2
10.22,-0.2763933,1.375623,-0.3716147,0.8667015,-139.9176,-0.6014099,-0.6438148,-0.01512622,-0.765032,40.44349,2,2,2
10.24,-0.2754006,1.375807,-0.3731323,0.7716405,-141.411,-0.5030823,-0.6236734,-0.01346726,-0.7815688,39.04876,2,2,2
10.26,-0.2750073,1.375827,-0.3739009,0.724445,-142.1503,-0.4869385,-0.6135439,-0.01264361,-0.7895594,37.53475,2,2,2
10.28,-0.2741595,1.375794,-0.3753557,0.6867207,-143.5844,-0.4822388,-0.5935952,-0.01198525,-0.8046745,36.7844,2,2,2
10.3,-0.2732495,1.375828,-0.3768345,0.6997064,-145.0441,-0.4442139,-0.5729035,-0.01221188,-0.819532,35.32861,2,2,2
10.32,-0.272505,1.376108,-0.3783462,0.6826692,-146.5907,-0.4523621,-0.5505773,-0.01191454,-0.8346993,33.84629,2,2,2
10.34,-0.2718741,1.376316,-0.3799307,0.6488003,-148.1176,-0.4442749,-0.5281441,-0.01132346,-0.8490791,32.27382,2,2,2
10.36,-0.2715752,1.376335,-0.3807651,0.6089063,-148.8774,-0.4308167,-0.5168424,-0.01062722,-0.8560145,30.72036,2,2,2
10.38,-0.2711249,1.376424,-0.3823588,0.5445872,-150.4159,-0.4104309,-0.4936779,-0.009504696,-0.8695931,29.94732,2,2,2
10.4,-0.2707067,1.376647,-0.3839243,0.5068691,-151.95,-0.4360962,-0.470224,-0.008846419,-0.8825028,28.38042,2,2,2
10.42,-0.2703421,1.376774,-0.3854181,0.5063432,-153.4374,-0.4868469,-0.4471586,-0.008837242,-0.8944112,26.81719,2,2,2
10.44,-0.2703629,1.376925,-0.3870635,0.4687427,-154.8925,-0.5355835,-0.4243043,-0.008181012,-0.9054828,25.30027,2,2,2
10.46,-0.2705083,1.376988,-0.3878882,0.4174576,-155.6008,-0.5473022,-0.413081,-0.007285944,-0.9106655,23.81393,2,2,2
10.48,-0.270786,1.377122,-0.3894717,0.4137461,-156.9247,-0.6200867,-0.39193,-0.007221169,-0.9199667,23.09006,2,2,2
10.5,-0.2711996,1.377164,-0.3910314,0.4411839,-158.2314,-0.664093,-0.3708483,-0.007700033,-0.9286615,21.73501,2,2,2
10.52,-0.2716978,1.376983,-0.3926903,0.4426534,-159.5194,-0.7818298,-0.3498793,-0.007725682,-0.9367629,20.39576,2,2,2
10.54,-0.2720169,1.376879,-0.393534,0.4626827,-160.1336,-0.8875732,-0.3398171,-0.008075248,-0.940457,19.07533,2,2,2
10.56,-0.2727131,1.376774,-0.3952386,0.4780642,-161.2932,-1.034943,-0.3207139,-0.008343698,-0.9471393,18.44464,2,2,2
10.58,-0.273618,1.37678,-0.3968667,0.4227369,-162.4275,-1.069031,-0.3019039,-0.007378085,-0.9533097,17.25358,2,2,2
10.6,-0.2744535,1.376679,-0.3985529,0.3412687,-163.5355,-0.9981995,-0.2834166,-0.005956228,-0.9589785,16.08862,2,2,2
10.62,-0.2751461,1.376494,-0.4003344,0.2942881,-164.6263,-1.029968,-0.2651102,-0.005136273,-0.9642046,14.9524,2,2,2
10.64,-0.2755588,1.376401,-0.401201,0.2869854,-165.159,-1.059601,-0.256135,-0.005008819,-0.9666281,13.83406,2,2,2
10.66,-0.2764885,1.376444,-0.4030579,0.2289031,-166.1692,-1.155273,-0.239053,-0.003995102,-0.9709986,13.28693,2,2,2
10.68,-0.2774186,1.376513,-0.4049581,0.04170614,-167.0167,-1.242828,-0.224667,-0.0007279094,-0.9744352,12.25054,2,2,2
10.7,-0.2782914,1.376671,-0.4069387,-0.2098694,-167.792,-1.271118,-0.2114607,0.003662717,-0.9773796,11.39029,2,2,2
10.72,-0.2789936,1.376676,-0.40897,-0.385437,-168.4905,-1.390381,-0.1995264,0.00672734,-0.9798692,10.61608,2,2,2
10.74,-0.2793692,1.376642,-0.4099937,-0.4322205,-168.8128,-1.455292,-0.1940094,0.007543728,-0.9809707,9.921449,2,2,2
10.76,-0.2802106,1.376783,-0.4119776,-0.4538269,-169.3095,-1.546875,-0.1854976,0.007920577,-0.9826128,9.598085,2,2,2
10.78,-0.2811384,1.376976,-0.4140059,-0.5317383,-169.6842,-1.491302,-0.1790663,0.009280685,-0.9837934,9.092131,2,2,2
10.8,-0.2820852,1.376992,-0.4160116,-0.5222473,-169.9526,-1.421204,-0.1744563,0.009114569,-0.9846227,8.719001,2,2,2
10.82,-0.2830408,1.377174,-0.4180332,-0.4093323,-170.1139,-1.370117,-0.1716851,0.007144087,-0.985126,8.440059,2,2,2
10.84,-0.2835014,1.377297,-0.4190557,-0.3574829,-170.1823,-1.335358,-0.1705107,0.006239289,-0.9853361,8.252096,2,2,2
10.86,-0.2843656,1.377565,-0.4212456,-0.3255005,-170.3475,-1.188934,-0.1676697,0.00568076,-0.9858268,8.171761,2,2,2
10.88,-0.2851485,1.37778,-0.4234,-0.3430786,-170.5776,-1.123932,-0.1637092,0.005987628,-0.9864905,7.993772,2,2,2
10.9,-0.285496,1.377904,-0.4244067,-0.3143311,-170.6828,-1.161987,-0.1618972,0.005485935,-0.9867926,7.758409,2,2,2
10.92,-0.2864016,1.378451,-0.4275964,-0.2434692,-170.9842,-1.290771,-0.1567047,0.004249272,-0.9876366,7.645087,2,2,2
10.94,-0.2866991,1.378457,-0.4286517,-0.2235107,-171.0828,-1.327118,-0.1550053,0.003900941,-0.9879059,7.322792,2,2,2
10.96,-0.2872831,1.378466,-0.4306677,-0.1688538,-171.2916,-1.377075,-0.1514045,0.002947297,-0.9884676,7.21806,2,2,2
10.98,-0.2877831,1.378495,-0.4326315,-0.1175232,-171.4682,-1.387817,-0.1483571,0.002051027,-0.9889317,6.994678,2,2,2
11,-0.2881792,1.378659,-0.4345159,-0.1004028,-171.6139,-1.426361,-0.1458431,0.001752227,-0.9893062,6.805011,2,2,2
11.02,-0.2883263,1.378534,-0.4362718,-0.05160522,-171.7746,-1.414368,-0.1430669,0.0009005342,-0.9897126,6.652428,2,2,2
11.04,-0.2883425,1.378357,-0.4371433,-0.0007552962,-171.8796,-1.4216,-0.1412533,1.318241E-05,-0.9899737,6.481802,2,2,2
11.06,-0.2883884,1.378078,-0.438839,0.1901648,-172.0505,-1.466064,-0.1382989,-0.003318997,-0.9903851,6.368521,2,2,2
11.08,-0.2884312,1.378042,-0.4405185,0.3286873,-172.1514,-1.446075,-0.1365541,-0.005736643,-0.990616,6.171554,2,2,2
11.1,-0.2884922,1.377811,-0.4421206,0.3880262,-172.2353,-1.330292,-0.1351014,-0.006772282,-0.9908085,6.055341,2,2,2
11.12,-0.2886481,1.377938,-0.4436129,0.4887713,-172.3009,-1.275726,-0.133966,-0.008530566,-0.9909493,5.964797,2,2,2
11.14,-0.2887404,1.378049,-0.4443313,0.5713353,-172.296,-1.266449,-0.1340484,-0.009971517,-0.9909248,5.889925,2,2,2
11.16,-0.2891531,1.37834,-0.445646,0.727067,-172.3181,-1.230865,-0.1336631,-0.01268937,-0.9909458,5.889992,2,2,2
11.18,-0.2895944,1.378783,-0.4469255,0.8129839,-172.3163,-1.167236,-0.1336915,-0.01418877,-0.9909214,5.859831,2,2,2
11.2,-0.2901523,1.378967,-0.4480201,0.8463176,-172.3328,-1.096375,-0.1334037,-0.01477049,-0.9909517,5.857957,2,2,2
11.22,-0.2909516,1.379079,-0.4488563,0.9402106,-172.2786,-1.176636,-0.1343378,-0.01640904,-0.9907998,5.837409,2,2,2
11.24,-0.2914523,1.379265,-0.4492094,1.013098,-172.2145,-1.232483,-0.1354439,-0.01768097,-0.9906273,5.888761,2,2,2
11.26,-0.292527,1.379892,-0.4498072,1.071974,-172.0326,-1.182434,-0.1385854,-0.01870839,-0.9901738,5.95302,2,2,2
11.28,-0.2937624,1.380688,-0.4503187,0.9991611,-171.952,-1.104797,-0.1399815,-0.01743777,-0.9900007,6.134179,2,2,2
11.3,-0.2949998,1.381483,-0.4508437,0.8775392,-171.808,-1.163818,-0.1424746,-0.01531535,-0.98968,6.205767,2,2,2
11.32,-0.2963729,1.38218,-0.4511181,0.852546,-171.6825,-1.174805,-0.1446429,-0.01487918,-0.989372,6.342236,2,2,2
11.34,-0.2970973,1.382586,-0.4512302,0.8444632,-171.6399,-1.134521,-0.1453789,-0.01473813,-0.9892665,6.461077,2,2,2
11.36,-0.2985277,1.383369,-0.4514123,0.7730137,-171.6579,-0.9990845,-0.1450708,-0.01349122,-0.9893293,6.499657,2,2,2
11.38,-0.2999255,1.384089,-0.4515513,0.7160943,-171.764,-0.9692078,-0.1432396,-0.01249788,-0.9896092,6.471296,2,2,2
11.4,-0.3013021,1.38487,-0.4516238,0.7396427,-171.8416,-1.064423,-0.1418983,-0.01290884,-0.9897972,6.353355,2,2,2
11.42,-0.3028076,1.385654,-0.4517465,0.695887,-171.9225,-1.092987,-0.1405024,-0.01214522,-0.9900059,6.264035,2,2,2
11.44,-0.303558,1.385903,-0.451828,0.6193385,-171.9616,-1.076996,-0.1398284,-0.01080928,-0.9901167,6.171236,2,2,2
11.46,-0.305149,1.38635,-0.4520321,0.5075302,-171.9942,-1.079865,-0.1392676,-0.008857956,-0.9902151,6.12756,2,2,2
11.48,-0.3066161,1.386726,-0.4522281,0.4723887,-171.9955,-1.130341,-0.1392469,-0.008244646,-0.9902234,6.087243,2,2,2
11.5,-0.3079715,1.387325,-0.4525314,0.4726066,-172.0434,-1.166595,-0.1384184,-0.008248448,-0.9903395,6.077348,2,2,2
11.52,-0.3094361,1.387697,-0.4528847,0.4253256,-172.097,-1.170593,-0.1374925,-0.007423264,-0.9904751,6.018844,2,2,2
11.54,-0.3101653,1.387864,-0.4530852,0.4067478,-172.0977,-1.151031,-0.13748,-0.007099029,-0.9904792,5.956345,2,2,2
11.56,-0.3115824,1.388071,-0.4534446,0.3777836,-172.1191,-1.138214,-0.137112,-0.00659352,-0.9905338,5.95167,2,2,2
11.58,-0.3128413,1.388404,-0.453904,0.3672388,-172.147,-1.21106,-0.1366297,-0.006409482,-0.9906014,5.921987,2,2,2
11.6,-0.3140491,1.388591,-0.4543951,0.3176895,-172.1811,-1.359406,-0.1360398,-0.005544699,-0.9906879,5.885498,2,2,2
11.62,-0.3146476,1.3886,-0.4546478,0.2795702,-172.1754,-1.43988,-0.1361387,-0.004879401,-0.9906777,5.845966,2,2,2
11.64,-0.3157838,1.388583,-0.4551097,0.2222613,-172.1699,-1.592529,-0.1362354,-0.003879182,-0.9906693,5.850792,2,2,2
11.66,-0.3166238,1.388624,-0.4556536,0.1970403,-172.2221,-1.741089,-0.1353328,-0.003438995,-0.9907942,5.853907,2,2,2
11.68,-0.3174995,1.388755,-0.4562226,0.1897792,-172.3344,-1.832672,-0.1333908,-0.003312266,-0.991058,5.797517,2,2,2
11.7,-0.3182083,1.388735,-0.4569101,0.2554479,-172.4236,-1.92334,-0.1318459,-0.004458393,-0.9912602,5.677855,2,2,2
11.72,-0.3184747,1.3887,-0.45729,0.2976159,-172.4539,-1.955383,-0.1313217,-0.005194353,-0.9913263,5.575662,2,2,2
11.74,-0.3188026,1.388462,-0.4581541,0.3308433,-172.5511,-1.961884,-0.1296395,-0.005774273,-0.9915448,5.539234,2,2,2
11.76,-0.3189244,1.388439,-0.4591506,0.3797625,-172.69,-1.965424,-0.1272357,-0.006628057,-0.9918507,5.435308,2,2,2
11.78,-0.3189313,1.388524,-0.4603982,0.3744292,-172.8044,-2.019867,-0.125254,-0.006534976,-0.9921032,5.289132,2,2,2
11.8,-0.3185925,1.388453,-0.4617477,0.3909128,-172.9241,-2.015472,-0.1231814,-0.006822661,-0.9923607,5.172787,2,2,2
11.82,-0.318331,1.38836,-0.4624619,0.4151489,-173.0187,-1.980682,-0.1215418,-0.007245652,-0.9925599,5.052026,2,2,2
11.84,-0.3176146,1.388137,-0.4640116,0.4881389,-173.179,-1.934753,-0.1187642,-0.008519528,-0.992886,4.95559,2,2,2
11.86,-0.3166361,1.387826,-0.4657756,0.5881295,-173.2924,-1.91803,-0.1167964,-0.01026461,-0.9931028,4.7924,2,2,2
11.88,-0.3153185,1.387659,-0.4677309,0.6950908,-173.3829,-1.795715,-0.115225,-0.01213133,-0.9932657,4.678851,2,2,2
11.9,-0.3137501,1.387447,-0.4698038,0.7634307,-173.5206,-1.636841,-0.1128359,-0.01332398,-0.9935244,4.592864,2,2,2
11.92,-0.3128311,1.387321,-0.4708879,0.8225168,-173.5709,-1.614014,-0.1119615,-0.01435513,-0.9936088,4.462781,2,2,2
11.94,-0.3108135,1.387094,-0.4731117,1.008929,-173.6124,-1.61319,-0.1112362,-0.01760822,-0.993638,4.418186,2,2,2
11.96,-0.3083967,1.387082,-0.4754997,1.184208,-173.6145,-1.621613,-0.1111939,-0.02066685,-0.9935842,4.3969,2,2,2
11.98,-0.305705,1.387147,-0.4779977,1.313812,-173.6527,-1.50592,-0.1105255,-0.02292834,-0.9936088,4.425805,2,2,2
12,-0.3026919,1.387155,-0.4806433,1.437923,-173.6739,-1.374512,-0.110152,-0.02509386,-0.9935982,4.420889,2,2,2
12.02,-0.3010584,1.387247,-0.4819781,1.517494,-173.659,-1.304932,-0.1104068,-0.02648217,-0.9935337,4.438708,2,2,2
12.04,-0.2975791,1.387607,-0.4847743,1.623973,-173.6222,-1.108826,-0.1110388,-0.02833988,-0.9934121,4.478641,2,2,2
12.06,-0.2938159,1.38816,-0.4877765,1.615451,-173.597,-0.8308411,-0.1114763,-0.0281912,-0.9933673,4.560422,2,2,2
12.08,-0.2898814,1.388754,-0.4907441,1.630664,-173.6041,-0.4927673,-0.1113527,-0.02845661,-0.9933735,4.610954,2,2,2
12.1,-0.2857881,1.389253,-0.4936091,1.764541,-173.5867,-0.1850891,-0.1116472,-0.03079218,-0.9932707,4.635021,2,2,2
12.12,-0.2836708,1.389501,-0.4950968,1.822372,-173.5379,-0.02209473,-0.1124886,-0.03180103,-0.9931439,4.709897,2,2,2
12.14,-0.2793691,1.390117,-0.4981324,1.87565,-173.4663,0.2860128,-0.1137273,-0.03273042,-0.9929727,4.786716,2,2,2
12.16,-0.2749517,1.390663,-0.5012447,1.829344,-173.3806,0.5869303,-0.1152149,-0.03192266,-0.9928276,4.901369,2,2,2
12.18,-0.2706548,1.390916,-0.5042405,1.847716,-173.292,0.9819572,-0.1167487,-0.03224314,-0.9926379,5.006955,2,2,2
12.2,-0.2664869,1.391008,-0.5071442,2.00254,-173.1268,1.371305,-0.119599,-0.0349438,-0.9922073,5.129424,2,2,2
12.22,-0.2644139,1.390976,-0.5086215,2.086109,-173.0324,1.499483,-0.1212279,-0.03640144,-0.9919572,5.359353,2,3,3
12.24,-0.2602433,1.390655,-0.5115712,2.291058,-172.7743,1.668686,-0.1256784,-0.03997584,-0.9912652,5.488123,2,3,3
12.26,-0.2560757,1.390023,-0.5145257,2.580529,-172.4286,1.764208,-0.1316274,-0.0450235,-0.9902762,5.825713,2,3,3
12.28,-0.2517781,1.389361,-0.5174502,2.917787,-172.0928,1.901766,-0.1373905,-0.05090298,-0.9892082,6.276011,2,3,3
12.3,-0.2473103,1.388565,-0.5203751,3.228137,-171.7756,2.038761,-0.142823,-0.05631181,-0.9881452,6.737669,2,3,3
12.32,-0.2450686,1.388083,-0.5217905,3.390129,-171.6257,2.148096,-0.1453848,-0.0591344,-0.9876063,7.17835,2,3,3
12.34,-0.2404834,1.387285,-0.5246106,3.672439,-171.2975,2.42144,-0.1509928,-0.06405228,-0.9864576,7.394145,2,3,3
12.36,-0.2357545,1.386536,-0.5274512,3.881984,-170.934,2.701905,-0.1572103,-0.06770159,-0.9852419,7.840448,2,3,3
12.38,-0.2309229,1.385622,-0.5301843,4.080793,-170.5139,2.989255,-0.1643911,-0.07116308,-0.983825,8.294011,2,3,3
12.4,-0.2285325,1.385081,-0.5314882,4.22451,-170.2738,3.154544,-0.1684812,-0.07366481,-0.9829485,8.796987,2,3,3
12.42,-0.2238159,1.38411,-0.5340464,4.534297,-169.7398,3.485362,-0.1775609,-0.07905583,-0.9809294,9.093687,2,3,3
12.44,-0.2189946,1.383208,-0.5366794,4.744568,-169.0889,3.790602,-0.1886369,-0.08271373,-0.9785574,9.74663,2,3,3
12.46,-0.2141644,1.382191,-0.5392022,4.881237,-168.3639,4.027834,-0.2009638,-0.08509063,-0.9758961,10.47074,2,3,3
12.48,-0.2094489,1.381017,-0.5415097,5.108899,-167.5478,4.278671,-0.214768,-0.089049,-0.9725971,11.23708,2,3,3
12.5,-0.2071358,1.380449,-0.542636,5.24791,-167.09,4.400836,-0.2224836,-0.09146529,-0.9706364,12.12439,2,3,3
12.52,-0.2024732,1.379155,-0.5449417,5.473625,-166.076,4.66849,-0.2395374,-0.09538753,-0.96619,12.62456,2,3,3
12.54,-0.1979263,1.377623,-0.5469909,5.663879,-164.9546,4.995171,-0.2583176,-0.09869241,-0.9610055,13.70053,2,3,3
12.56,-0.1934209,1.375988,-0.5490671,5.832455,-163.7137,5.40393,-0.2789858,-0.1016198,-0.9549035,14.86807,2,3,3
12.58,-0.1891114,1.374015,-0.5509504,6.025734,-162.3998,5.95812,-0.3007031,-0.1049751,-0.947923,16.14655,2,3,3
12.6,-0.1869427,1.373139,-0.5518622,6.133194,-161.7056,6.249856,-0.3121031,-0.1068401,-0.9440217,17.50501,2,3,3
12.62,-0.182638,1.371601,-0.5537847,6.244564,-160.2982,7.01586,-0.3351239,-0.1087726,-0.9358743,18.22501,2,3,3
12.64,-0.1782925,1.369848,-0.5556866,6.24838,-159.0312,7.851243,-0.3557343,-0.1088388,-0.9282281,19.65669,2,3,3
12.66,-0.173786,1.368016,-0.5573796,6.316636,-157.8905,8.644258,-0.3740932,-0.1100229,-0.9208418,20.927,2,3,3
12.68,-0.1692889,1.366457,-0.5590293,6.468084,-156.7979,9.394371,-0.3914674,-0.1126497,-0.9132707,22.09467,2,3,3
12.7,-0.1670572,1.365738,-0.5598541,6.547818,-156.3138,9.751529,-0.3991064,-0.1140324,-0.9097861,23.23691,2,3,3
12.72,-0.1626765,1.36444,-0.5614332,6.705904,-155.4396,10.5031,-0.412808,-0.1167731,-0.9033017,23.74763,2,3,3
12.74,-0.1584705,1.363259,-0.562835,6.858059,-154.7401,11.31815,-0.423671,-0.1194101,-0.897911,24.67532,2,3,3
12.76,-0.1546635,1.362442,-0.5640326,6.940689,-154.1095,12.00328,-0.4334534,-0.1208418,-0.8930373,25.42765,2,3,3
12.78,-0.1514654,1.36198,-0.5648657,7.010993,-153.4565,12.60281,-0.4435357,-0.1220598,-0.8879063,26.09406,2,3,3
12.8,-0.1500013,1.361764,-0.5653008,7.018742,-153.134,12.90929,-0.4485189,-0.122194,-0.885381,26.77641,2,3,3
12.82,-0.1472372,1.361451,-0.5658506,7.056046,-152.6692,13.39522,-0.4556504,-0.1228402,-0.8816424,27.10692,2,3,3
12.84,-0.1451776,1.361199,-0.5659237,7.058541,-152.3146,13.67355,-0.4610945,-0.1228834,-0.8788012,27.59342,2,3,3
12.86,-0.1435026,1.361055,-0.5658178,7.074447,-151.9066,13.85629,-0.4673252,-0.1231589,-0.8754651,27.95877,2,3,3
12.88,-0.1423279,1.361218,-0.5654635,7.038471,-151.6184,13.87841,-0.471759,-0.1225357,-0.8731714,28.37784,2,3,3
12.9,-0.1420311,1.361216,-0.5651267,6.967466,-151.5078,13.87073,-0.4735161,-0.1213057,-0.8723918,28.6647,2,3,3
12.92,-0.1414889,1.361203,-0.5644373,6.89317,-151.2454,13.91214,-0.4775818,-0.1200185,-0.8703512,28.76238,2,3,3
12.94,-0.1414188,1.361257,-0.5634341,6.847422,-151.1988,13.75928,-0.4783362,-0.1192258,-0.8700462,29.01238,2,3,3
12.96,-0.1415152,1.361343,-0.5628053,6.876843,-151.1945,13.67793,-0.4783709,-0.1197356,-0.8699567,29.05048,2,3,3
12.98,-0.1420624,1.361352,-0.5612634,6.94853,-151.2124,13.44325,-0.4780267,-0.1209777,-0.8699741,29.0598,2,3,3
13,-0.1434144,1.361543,-0.5585124,7.070829,-151.5197,12.96879,-0.4732295,-0.1230962,-0.8722966,29.05218,2,3,3
13.02,-0.1446781,1.362009,-0.5562119,7.135131,-152.0794,12.41565,-0.4646222,-0.1242099,-0.8767543,28.76213,2,3,3
13.04,-0.1454765,1.362232,-0.5548675,7.169839,-152.349,12.06927,-0.4604552,-0.1248109,-0.8788647,28.21215,2,3,3
13.06,-0.1473992,1.36302,-0.5519212,7.25602,-152.8147,11.47984,-0.4532117,-0.1263032,-0.8824095,27.94709,2,3,3
13.08,-0.1498631,1.36389,-0.5483983,7.195387,-153.2216,10.99943,-0.4469934,-0.1252533,-0.885725,27.49313,2,3,3
13.1,-0.1528298,1.365041,-0.5443774,7.061482,-153.506,10.50342,-0.4427199,-0.1229343,-0.8881929,27.06215,2,3,3
13.12,-0.1544718,1.365885,-0.5423501,6.923965,-153.555,10.21269,-0.4420906,-0.1205521,-0.8888326,26.73306,2,3,3
13.14,-0.1582222,1.367912,-0.5380953,6.568346,-153.5689,9.647493,-0.442199,-0.1143883,-0.8895929,26.64481,2,3,3
13.16,-0.162205,1.369916,-0.5334445,6.150631,-153.4292,9.064251,-0.444728,-0.1071427,-0.8892343,26.53385,2,3,3
13.18,-0.1664407,1.371915,-0.5280499,5.818807,-153.2273,8.39889,-0.4481312,-0.1013829,-0.8882005,26.5664,2,3,3
13.2,-0.1687043,1.372945,-0.5252335,5.672735,-153.0966,8.147932,-0.4502724,-0.09884623,-0.8874031,26.68113,2,3,3
13.22,-0.1732758,1.37522,-0.5196045,5.347825,-152.8178,7.613886,-0.4548329,-0.09320168,-0.8856865,26.77246,2,3,3
13.24,-0.1781435,1.377416,-0.5136518,4.969089,-152.4534,6.945372,-0.4607318,-0.08661827,-0.8833027,26.96998,2,3,3
13.26,-0.1832726,1.379425,-0.5074621,4.568553,-151.9825,6.326835,-0.4682486,-0.07965183,-0.8799994,27.24833,2,3,3
13.28,-0.1887275,1.381158,-0.5010756,4.205998,-151.4749,5.801454,-0.4762579,-0.0733426,-0.8762417,27.6356,2,3,3
13.3,-0.1915164,1.382075,-0.4978549,4.0473,-151.191,5.535597,-0.4806896,-0.07057998,-0.8740459,28.069,2,3,3
13.32,-0.1972817,1.383901,-0.4913254,3.804926,-150.5423,5.016175,-0.4906969,-0.06635968,-0.8687999,28.32043,2,3,3
13.34,-0.2031054,1.385298,-0.4847906,3.581904,-149.7715,4.474195,-0.5024667,-0.06247531,-0.8623365,28.91477,2,3,3
13.36,-0.2089271,1.387035,-0.478287,3.26642,-148.9964,3.824839,-0.5142558,-0.05697891,-0.855742,29.63705,2,3,3
13.38,-0.2118511,1.388042,-0.4751551,3.017332,-148.5819,3.490269,-0.5205572,-0.05263804,-0.8522028,30.35957,2,3,3
13.4,-0.2178156,1.389951,-0.4689642,2.475365,-147.8113,2.961154,-0.5322127,-0.04318983,-0.8455082,30.74371,2,3,3
13.42,-0.2237904,1.391936,-0.4627931,1.900648,-147.1391,2.592586,-0.5423033,-0.03316648,-0.839528,31.45644,3,3,3
13.44,-0.2295088,1.394106,-0.45682,1.316975,-146.5509,2.364475,-0.5510498,-0.02298352,-0.8341558,32.07775,3,3,3
13.46,-0.2350837,1.396454,-0.4508731,0.7615999,-146.0018,2.026905,-0.559117,-0.01329203,-0.8289822,32.62508,3,3,3
13.48,-0.240664,1.398656,-0.4450768,0.2041911,-145.367,1.753312,-0.5683141,-0.003563799,-0.822804,33.14312,3,3,3
13.5,-0.2435324,1.399708,-0.4422728,-0.08773804,-145.0538,1.65674,-0.5728071,0.001531327,-0.819689,33.75671,3,3,3
13.52,-0.2493293,1.401459,-0.4367214,-0.721283,-144.449,1.457161,-0.5813821,0.01258827,-0.8135334,34.06196,3,3,3
13.54,-0.2553297,1.403051,-0.4313825,-1.317505,-143.7423,1.173681,-0.591262,0.02299301,-0.8061517,34.65803,3,3,3
13.56,-0.2613104,1.404343,-0.4263766,-1.851807,-142.9098,0.8183666,-0.6027572,0.03231427,-0.7972702,35.36357,3,3,3
13.58,-0.2675594,1.405249,-0.4214599,-2.348328,-141.9873,0.3909684,-0.6153187,0.04097472,-0.7872128,36.20049,3,3,3
13.6,-0.2707759,1.405612,-0.4190713,-2.578979,-141.473,0.2386617,-0.6222531,0.04499644,-0.7815221,37.12911,3,3,3
13.62,-0.2769444,1.406401,-0.4148046,-3.054413,-140.3882,-0.1920166,-0.6366777,0.05328444,-0.769287,37.64669,3,3,3
13.64,-0.2829718,1.406806,-0.4105652,-3.41687,-139.421,-0.4591064,-0.6493391,0.05960051,-0.75816,38.74356,3,3,3
13.66,-0.2887827,1.40685,-0.4065164,-3.600037,-138.5347,-0.7142944,-0.6608597,0.06279128,-0.7478783,39.71392,3,3,3
13.68,-0.2916346,1.406838,-0.4045433,-3.645172,-138.1212,-0.7666626,-0.6662067,0.06357731,-0.7430522,40.58779,3,3,3
13.7,-0.2969788,1.407055,-0.4012636,-3.74704,-137.3794,-0.7677307,-0.6756929,0.06535181,-0.7342807,40.99059,3,3,3
13.72,-0.3018997,1.407339,-0.3982315,-3.759735,-136.8657,-0.8796082,-0.6822391,0.06557254,-0.7281826,41.71325,3,3,3
13.74,-0.3068543,1.40681,-0.395357,-3.776886,-136.3238,-0.87146,-0.6890827,0.06587124,-0.7216827,42.1995,3,3,3
13.76,-0.3114565,1.406993,-0.3929323,-3.813354,-135.8385,-0.9512329,-0.6951404,0.06650621,-0.7157909,42.71513,3,3,3
13.78,-0.3136702,1.407248,-0.391915,-3.885773,-135.6109,-0.947876,-0.6979188,0.06776781,-0.7129635,43.17701,3,3,3
13.8,-0.317824,1.407544,-0.3899452,-4.058899,-135.2746,-0.9743042,-0.7019442,0.07078192,-0.708706,43.3982,3,3,3
13.82,-0.321502,1.407824,-0.3883786,-4.151978,-135.0423,-1.145569,-0.7047301,0.0724024,-0.7057718,43.72515,3,3,3
13.84,-0.3249019,1.407982,-0.3871274,-4.131958,-134.8018,-1.289917,-0.7077046,0.07205372,-0.7028248,43.94297,3,3,3
13.86,-0.3279174,1.408273,-0.3861879,-4.158112,-134.6662,-1.34021,-0.7093416,0.07250902,-0.7011257,44.16031,3,3,3
13.88,-0.3305993,1.408572,-0.3853085,-4.199127,-134.6084,-1.44812,-0.7100118,0.073223,-0.7003724,44.27855,3,3,3
13.9,-0.331822,1.408752,-0.3849037,-4.209442,-134.5433,-1.502228,-0.7107979,0.07340273,-0.6995559,44.32199,3,3,3
13.92,-0.334259,1.409101,-0.384493,-4.308624,-134.4307,-1.654999,-0.7120799,0.07512892,-0.6980672,44.38012,3,3,3
13.94,-0.3363114,1.409624,-0.3844675,-4.409637,-134.449,-1.770599,-0.711761,0.07688662,-0.6982011,44.48624,3,3,3
13.96,-0.3381901,1.410296,-0.3844525,-4.543884,-134.4739,-1.887756,-0.7113272,0.0792229,-0.6983822,44.46301,3,3,3
13.98,-0.338984,1.41048,-0.3846144,-4.599365,-134.4578,-1.934143,-0.7114678,0.08018772,-0.6981288,44.43777,3,3,3
14,-0.3402694,1.411036,-0.3851575,-4.603149,-134.4917,-2.099792,-0.7110506,0.08025347,-0.698546,44.45399,3,3,3
14.02,-0.3412466,1.41138,-0.3858435,-4.452332,-134.6253,-2.212921,-0.7095679,0.07762948,-0.7003478,44.4109,3,3,3
14.04,-0.3420727,1.411944,-0.3867097,-4.241241,-134.6684,-2.297577,-0.7092397,0.07395582,-0.7010775,44.25393,3,3,3
14.06,-0.3428181,1.412411,-0.3878027,-4.105194,-134.6811,-2.21286,-0.7092071,0.07158801,-0.7013562,44.18375,3,3,3
14.08,-0.3431337,1.412596,-0.3885507,-4.067108,-134.7179,-2.132355,-0.7087907,0.07092504,-0.7018445,44.15269,3,3,3
14.1,-0.3435028,1.413041,-0.3899955,-3.955505,-134.8481,-1.990051,-0.7072906,0.06898164,-0.7035492,44.10982,3,3,3
14.12,-0.3438838,1.413255,-0.3913912,-3.759888,-134.8599,-1.751099,-0.7073082,0.06557558,-0.7038572,43.9653,3,3,3
14.14,-0.3439215,1.413832,-0.3927668,-3.582306,-134.9085,-1.353027,-0.7068508,0.06248217,-0.7045978,43.93336,3,3,3
14.16,-0.3437442,1.41443,-0.3942864,-3.417725,-135.0722,-0.9942627,-0.704959,0.05961509,-0.7067381,43.86848,3,3,3
14.18,-0.3436019,1.414672,-0.3950914,-3.342133,-135.1753,-0.8357849,-0.7037409,0.05829815,-0.7080608,43.6903,3,3,3
14.2,-0.3430565,1.415318,-0.3967015,-3.132385,-135.3929,-0.651001,-0.7011917,0.05464307,-0.7108757,43.58076,3,3,3
14.22,-0.3422779,1.415988,-0.3983687,-2.883423,-135.6674,-0.5423889,-0.6979373,0.05030403,-0.71439,43.34756,3,3,3
14.24,-0.3414524,1.416467,-0.3997286,-2.608459,-135.9195,-0.4884338,-0.694947,0.04551061,-0.7176192,43.05615,3,3,3
14.26,-0.340492,1.417512,-0.4014333,-2.50238,-136.0417,-0.6108398,-0.693473,0.04366079,-0.7191589,42.78703,3,3,3
14.28,-0.3400427,1.41788,-0.4022862,-2.539886,-136.1328,-0.571167,-0.6923079,0.04431499,-0.7202402,42.66248,3,3,3
14.3,-0.3391135,1.418431,-0.4038369,-2.541931,-136.2953,-0.4500427,-0.6902618,0.04435067,-0.7221992,42.57547,3,3,3
14.32,-0.3380678,1.419113,-0.4053861,-2.52359,-136.3759,-0.5796814,-0.6892547,0.04403083,-0.7231799,42.41713,3,3,3
14.34,-0.3370626,1.419518,-0.4068469,-2.469086,-136.2887,-0.6614685,-0.6903831,0.04308053,-0.7221602,42.34121,3,3,3
14.36,-0.3360712,1.419764,-0.4081773,-2.337402,-136.1264,-0.6990356,-0.6924936,0.04078386,-0.7202703,42.43313,3,3,3
14.38,-0.3355725,1.419998,-0.4088712,-2.27832,-135.9833,-0.7249756,-0.6943185,0.03975363,-0.718569,42.59661,3,3,3
14.4,-0.3347555,1.420201,-0.4101814,-2.151245,-135.5815,-0.6581726,-0.699401,0.03753746,-0.7137432,42.74168,3,3,3
14.42,-0.3338916,1.42031,-0.411499,-2.036224,-135.0678,-0.7041321,-0.7058237,0.03553125,-0.707496,43.14803,3,3,3
14.44,-0.3331549,1.420637,-0.4127597,-1.942902,-134.4027,-0.8314819,-0.7140293,0.03390338,-0.6992944,43.66945,3,3,3
14.46,-0.3325578,1.420879,-0.4139304,-1.847321,-133.6216,-0.7868652,-0.7235355,0.03223616,-0.6895343,44.34514,3,3,3
14.48,-0.3322392,1.420949,-0.414454,-1.764893,-133.2165,-0.6611023,-0.7284262,0.03079822,-0.6844317,45.13778,3,3,3
14.5,-0.331701,1.421177,-0.415228,-1.55719,-132.3107,-0.5249939,-0.7392321,0.02717451,-0.6729023,45.5476,3,3,3
14.52,-0.3313206,1.421521,-0.4160934,-1.499664,-131.1076,-0.4338074,-0.753218,0.02617106,-0.65725,46.46217,3,3,3
14.54,-0.3308699,1.421676,-0.4169811,-1.482239,-129.9528,-0.1294861,-0.766317,0.02586704,-0.6419421,47.68409,3,3,3
14.56,-0.3305558,1.421691,-0.4174211,-1.475708,-129.4664,0.03893272,-0.7717419,0.02575329,-0.6354141,48.85878,3,3,3
14.58,-0.3295725,1.421967,-0.4187105,-1.509766,-128.6944,0.3026298,-0.7802208,0.02634742,-0.624949,49.35444,3,3,3
14.6,-0.3284469,1.42217,-0.4203455,-1.671387,-128.0706,0.425408,-0.7869167,0.029167,-0.6163696,50.14579,3,3,3
14.62,-0.3269832,1.422239,-0.4221676,-1.803864,-127.6692,0.5999109,-0.7911597,0.03147802,-0.6107992,50.79233,3,3,3
14.64,-0.3249992,1.421981,-0.4244381,-1.904755,-127.7336,0.8961438,-0.7904285,0.03323789,-0.6116521,51.21468,3,3,3
14.66,-0.3226922,1.421838,-0.4271476,-1.942413,-128.2238,1.194263,-0.7851484,0.03389485,-0.6183795,51.16755,3,3,3
14.68,-0.3213874,1.421788,-0.4286004,-1.945007,-128.6645,1.330255,-0.7803676,0.03394052,-0.6243994,50.68837,3,3,3
14.7,-0.3186734,1.421547,-0.4317294,-1.94516,-129.5918,1.538017,-0.7701603,0.03394303,-0.6369467,50.25086,3,3,3
14.72,-0.3157202,1.421159,-0.4350824,-1.927429,-130.7695,1.664206,-0.7569145,0.03363389,-0.6526478,49.32973,3,3,3
14.74,-0.312527,1.420659,-0.4386594,-1.879303,-132.2921,1.822803,-0.7393259,0.03279413,-0.6725487,48.15532,3,3,3
14.76,-0.3108702,1.420399,-0.4404256,-1.832428,-133.1375,1.903592,-0.7293419,0.03197621,-0.6834018,46.63074,3,3,3
14.78,-0.3092079,1.42022,-0.4421247,-1.788849,-134.06,1.904724,-0.7182621,0.03121639,-0.6950721,45.78218,3,3,3
14.8,-0.304249,1.419748,-0.4472063,-1.767609,-136.5912,2.027255,-0.6868728,0.03084582,-0.726123,44.85525,3,3,3
14.82,-0.301007,1.419347,-0.4505067,-1.830536,-138.4601,2.19394,-0.6628027,0.03194339,-0.7481126,42.31808,3,3,3
14.84,-0.2975697,1.418973,-0.4537266,-1.863098,-140.4488,2.342576,-0.6364304,0.03251148,-0.7706491,40.44501,3,3,3
14.86,-0.2958,1.41871,-0.4552993,-1.8396,-141.4995,2.468919,-0.6222,0.03210138,-0.7821999,38.44963,3,3,3
14.88,-0.2919491,1.41795,-0.458475,-1.682739,-143.7684,2.810299,-0.590795,0.02936531,-0.8062872,37.39247,3,3,3
14.9,-0.288038,1.417108,-0.4615737,-1.478973,-146.14,3.031129,-0.5569803,0.02580995,-0.8301247,35.10246,3,3,3
14.92,-0.2843039,1.416319,-0.4644195,-1.24823,-148.3276,3.121497,-0.5249374,0.02178413,-0.8508621,32.70406,3,3,3
14.94,-0.2806833,1.415409,-0.4671182,-1.016235,-150.4026,3.361823,-0.4938241,0.01773566,-0.8693809,30.48865,3,3,3
14.96,-0.2789123,1.414934,-0.4683651,-0.9093323,-151.4298,3.435501,-0.4781753,0.01587004,-0.8781211,28.38615,3,3,3
14.98,-0.2758569,1.414106,-0.4703584,-0.694458,-153.1148,3.46682,-0.4521706,0.01212054,-0.8918491,27.34546,3,3,3
15,-0.273521,1.413369,-0.4719933,-0.5319519,-154.2311,3.513082,-0.4347233,0.009284212,-0.9005163,25.63682,3,3,3
15.02,-0.2717192,1.412746,-0.4734346,-0.4004211,-154.8663,3.564436,-0.424722,0.006988456,-0.905297,24.50616,3,3,3
15.04,-0.2706654,1.412133,-0.4745061,-0.3433533,-154.9867,3.683817,-0.4228215,0.00599279,-0.9061931,23.86459,3,3,3
15.06,-0.2705134,1.411859,-0.4747391,-0.3276978,-154.8736,3.727311,-0.4246099,0.005719439,-0.9053583,23.74683,3,3,3
15.08,-0.2707815,1.41163,-0.4751792,-0.3138123,-153.9904,3.781575,-0.4385146,0.005476997,-0.8987075,23.86284,3,3,3
15.1,-0.2715726,1.411417,-0.4755046,-0.3929749,-152.6608,3.881624,-0.4592467,0.006858579,-0.8882825,24.76244,3,3,3
15.12,-0.2727661,1.411224,-0.4755211,-0.4846802,-151.105,3.923538,-0.4831893,0.008459316,-0.875475,26.11773,3,3,3
15.14,-0.2743622,1.411199,-0.4752347,-0.5464783,-149.1964,3.902785,-0.5120738,0.009537652,-0.8588885,27.70121,3,3,3
15.16,-0.275214,1.411193,-0.475112,-0.5614929,-148.1988,3.94342,-0.526949,0.009799728,-0.8498406,29.63997,3,3,3
15.18,-0.2767268,1.411035,-0.4747854,-0.5821228,-146.2708,4.123137,-0.5552405,0.01015993,-0.8316278,30.65227,3,3,3
15.2,-0.2780808,1.410884,-0.4745101,-0.598938,-144.568,4.212099,-0.5797045,0.01045299,-0.8147598,32.6087,3,3,3
15.22,-0.2792672,1.41091,-0.47439,-0.6081238,-143.027,4.31322,-0.6014048,0.01061345,-0.7988744,34.3357,3,3,3
15.24,-0.2804278,1.41092,-0.4743378,-0.6455383,-141.6076,4.394853,-0.6210043,0.01126672,-0.783726,35.89817,3,3,3
15.26,-0.2809862,1.410885,-0.4743558,-0.6700745,-140.9233,4.427437,-0.6303164,0.01169479,-0.7762504,37.33734,3,3,3
15.28,-0.2821268,1.410796,-0.4743718,-0.6899109,-139.6391,4.500062,-0.6475525,0.01204113,-0.7619257,38.03119,3,3,3
15.3,-0.2832902,1.410655,-0.4744951,-0.6858521,-138.4315,4.605927,-0.6634679,0.01196996,-0.7481091,39.33153,3,3,3
15.32,-0.284227,1.410535,-0.4747567,-0.6725159,-137.4175,4.730125,-0.6766039,0.01173744,-0.7362537,40.55265,3,3,3
15.34,-0.2852115,1.410487,-0.4748904,-0.6587524,-136.4963,4.72129,-0.6883559,0.01149738,-0.7252822,41.5776,3,3,3
15.36,-0.2857403,1.41051,-0.4750409,-0.6914673,-136.0017,4.693472,-0.6945866,0.01206819,-0.719308,42.50764,3,3,3
15.38,-0.2868212,1.410482,-0.4753294,-0.7424011,-135.095,4.789644,-0.705874,0.01295712,-0.7082189,43.00808,3,3,3
15.4,-0.2878098,1.410311,-0.4756215,-0.7554321,-134.3664,4.954869,-0.7148204,0.01318438,-0.6991838,43.92421,3,3,3
15.42,-0.288801,1.410162,-0.4757467,-0.7294617,-133.708,5.015498,-0.7228124,0.01273122,-0.690927,44.6586,3,3,3
15.44,-0.2899247,1.410127,-0.4759484,-0.7141113,-132.9739,5.007998,-0.7316072,0.01246311,-0.6816127,45.32036,3,3,3
15.46,-0.2905535,1.410056,-0.4759958,-0.7274475,-132.6402,5.042788,-0.7355629,0.01269623,-0.6773373,46.05825,3,3,3
15.48,-0.2918405,1.409937,-0.4761006,-0.7168579,-132.0627,5.190266,-0.7423539,0.01251136,-0.6698912,46.39344,3,3,3
15.5,-0.2932537,1.409909,-0.4760092,-0.6728516,-131.5231,5.332947,-0.7486365,0.01174327,-0.6628767,46.97105,3,3,3
15.52,-0.2947479,1.409866,-0.4757935,-0.6376953,-130.9455,5.419093,-0.7552868,0.01112976,-0.6553001,47.5083,3,3,3
15.54,-0.2964254,1.409753,-0.4754534,-0.6209717,-130.3441,5.538255,-0.762125,0.01083772,-0.6473393,48.08385,3,3,3
15.56,-0.297311,1.409671,-0.4752195,-0.6163025,-130.083,5.624026,-0.7650687,0.01075616,-0.6438589,48.68259,3,3,3
15.58,-0.299098,1.409628,-0.4746669,-0.6060791,-129.5781,5.724545,-0.7707139,0.01057762,-0.6370937,48.94159,3,3,3
15.6,-0.3009622,1.409467,-0.4740962,-0.6427002,-129.0888,5.762631,-0.7761207,0.01121687,-0.6304848,49.44163,3,3,3
15.62,-0.3027691,1.409245,-0.4735326,-0.6431885,-128.6716,5.790301,-0.7806908,0.01122563,-0.6248166,49.92638,3,3,3
15.64,-0.3045745,1.409015,-0.4729715,-0.6392822,-128.3919,5.854349,-0.7837322,0.01115743,-0.6209987,50.33742,3,3,3
15.66,-0.3054244,1.409003,-0.4726651,-0.6073303,-128.3388,5.859457,-0.7843125,0.01059961,-0.6202752,50.60877,3,3,3
15.68,-0.3071392,1.40886,-0.4722243,-0.5842896,-128.2435,5.905894,-0.7853462,0.01019747,-0.6189728,50.65608,3,3,3
15.7,-0.3086497,1.408564,-0.4720345,-0.5325012,-128.4285,6.02108,-0.7833502,0.009293921,-0.621511,50.74043,3,3,3
15.72,-0.3100165,1.408307,-0.4720074,-0.4600525,-128.8539,6.114205,-0.7787232,0.008029588,-0.6273163,50.54114,3,3,3
15.74,-0.3106041,1.408288,-0.4719752,-0.3950195,-129.1697,6.152768,-0.7752601,0.006894123,-0.6316047,50.09846,3,3,3
15.76,-0.3117121,1.408224,-0.4721553,-0.3076172,-129.928,6.202866,-0.7668401,0.005369086,-0.6418158,49.77244,3,3,3
15.78,-0.3126222,1.407925,-0.4724227,-0.1480713,-130.9002,6.25151,-0.7558487,0.002584137,-0.6547412,48.99311,3,3,3
15.8,-0.313336,1.40741,-0.4726465,0.07989211,-132.0081,6.155429,-0.7430499,-0.00139438,-0.6692346,47.99653,3,3,3
15.82,-0.3139604,1.407061,-0.4728241,0.3238389,-133.0477,5.926449,-0.7307745,-0.005652025,-0.6825957,46.86238,3,3,3
15.84,-0.3143068,1.406946,-0.4728843,0.4246336,-133.5686,5.809899,-0.72453,-0.007411186,-0.6892035,45.79847,3,3,3
15.86,-0.3149299,1.406466,-0.4729545,0.6077678,-134.695,5.654044,-0.7108213,-0.01060735,-0.7032929,45.26552,3,3,3
15.88,-0.3154481,1.405964,-0.4729961,0.7828035,-135.8805,5.55229,-0.6960922,-0.01366207,-0.7178223,44.11452,3,3,3
15.9,-0.3157527,1.405507,-0.4730827,0.9601399,-137.2165,5.48748,-0.6791343,-0.01675682,-0.7338228,42.9043,3,3,3
15.92,-0.3159033,1.405011,-0.4729577,1.133909,-138.6194,5.237936,-0.6609287,-0.01978914,-0.7501878,41.54266,3,3,3
15.94,-0.315961,1.404746,-0.4729228,1.248826,-139.273,5.071231,-0.6523011,-0.02179439,-0.7576467,40.11425,3,3,3
15.96,-0.3158776,1.404279,-0.4729393,1.449443,-140.7043,4.854926,-0.6331199,-0.02529485,-0.7736403,39.44925,3,3,3
15.98,-0.3155984,1.403959,-0.4728601,1.606184,-142.4247,4.573446,-0.6095634,-0.02802953,-0.7922418,37.99451,3,3,3
16,-0.3154297,1.403601,-0.4728,1.727836,-144.1847,4.14589,-0.5849086,-0.03015186,-0.8105387,36.24658,3,3,3
16.02,-0.3147149,1.403423,-0.4727648,1.869793,-145.9214,3.704073,-0.5600318,-0.03262825,-0.8278285,34.45716,3,3,3
16.04,-0.3144303,1.403261,-0.4727098,1.934937,-146.817,3.502544,-0.5470034,-0.03376459,-0.8364493,32.69607,3,3,3
16.06,-0.3138109,1.403107,-0.4725964,2.024813,-148.6637,3.044969,-0.5197357,-0.03533229,-0.8535962,31.78729,3,3,3
16.08,-0.3131136,1.402961,-0.4725447,2.058478,-150.45,2.489305,-0.4928642,-0.03591948,-0.8693647,29.91235,3,3,3
16.1,-0.3122316,1.40279,-0.4725272,2.087971,-152.2153,2.033872,-0.4658412,-0.03643391,-0.884118,28.09733,3,3,3
16.12,-0.3117972,1.402813,-0.4724734,2.094271,-153.1278,1.799861,-0.4516994,-0.03654378,-0.8914215,26.30483,3,3,3
16.14,-0.3108915,1.402887,-0.4725091,2.080744,-154.8812,1.287936,-0.4242162,-0.03630786,-0.9048327,25.37761,3,3,3
16.16,-0.310014,1.402871,-0.4726662,2.033309,-156.5199,0.7985042,-0.3981791,-0.03548048,-0.9166214,23.59507,3,3,3
16.18,-0.3090012,1.40294,-0.472761,2.024496,-158.1137,0.3739816,-0.3725336,-0.03532677,-0.9273461,21.92707,3,3,3
16.2,-0.3080108,1.403033,-0.4729198,2.006925,-159.6691,-0.03225708,-0.3472282,-0.03502028,-0.9371266,20.30806,3,3,3
16.22,-0.3070673,1.403053,-0.473259,1.974304,-161.0924,-0.4038391,-0.3238511,-0.03445129,-0.9454806,18.72752,3,3,3
16.24,-0.306581,1.403075,-0.4733854,1.954776,-161.7818,-0.5805969,-0.3124556,-0.03411066,-0.9493199,17.28041,3,3,3
16.26,-0.3054698,1.403202,-0.4737863,1.903125,-163.1375,-0.8421326,-0.2899153,-0.0332097,-0.9564759,16.57941,3,3,3
16.28,-0.3044004,1.403412,-0.4743231,1.832166,-164.4644,-1.041656,-0.2677004,-0.03197188,-0.9629716,15.20087,3,3,3
16.3,-0.3032865,1.403535,-0.4749175,1.811036,-165.6555,-1.298767,-0.2476282,-0.03160328,-0.9683396,13.85,3,3,3
16.32,-0.3021086,1.403645,-0.4755518,1.895337,-166.7141,-1.508881,-0.229685,-0.03307384,-0.9727029,12.6422,3,3,3
16.34,-0.3015462,1.403842,-0.4758602,1.98742,-167.2036,-1.589447,-0.2213548,-0.03468007,-0.9745765,11.5814,3,3,3
16.36,-0.3004041,1.40409,-0.4767171,2.091958,-168.116,-1.751282,-0.205794,-0.03650345,-0.9779144,11.09879,3,3,3
16.38,-0.2993627,1.404264,-0.4776572,2.218529,-168.8822,-1.844666,-0.192683,-0.03871097,-0.9804973,10.19572,3,3,3
16.4,-0.2983098,1.404509,-0.4786454,2.360048,-169.5535,-1.942505,-0.1811627,-0.04117896,-0.9825908,9.448954,3,3,3
16.42,-0.2973324,1.404991,-0.4797552,2.447589,-170.1194,-1.993317,-0.171439,-0.0427055,-0.9842688,8.807721,3,3,3
16.44,-0.29681,1.405268,-0.4803874,2.474326,-170.3726,-2.015717,-0.1670842,-0.0431717,-0.9849969,8.267975,3,3,3
16.46,-0.2958481,1.405725,-0.4816532,2.522974,-170.8403,-2.071594,-0.1590315,-0.04401998,-0.9862916,8.026074,3,3,3
16.48,-0.2947636,1.406108,-0.4829949,2.62309,-171.1749,-2.117706,-0.153258,-0.04576556,-0.9871261,7.581391,3,3,3
16.5,-0.2936474,1.406481,-0.4843026,2.709292,-171.4967,-2.154999,-0.147702,-0.04726844,-0.9879018,7.28688,3,3,3
16.52,-0.293026,1.40663,-0.4849901,2.77934,-171.6311,-2.181915,-0.145374,-0.04848961,-0.9881878,7.005916,3,3,3
16.54,-0.2918804,1.407018,-0.4862503,3.000219,-171.868,-2.201294,-0.1412598,-0.05233978,-0.9885882,6.901801,3,3,3
16.56,-0.290712,1.407648,-0.4876387,3.183327,-172.0689,-2.140015,-0.1377691,-0.05553095,-0.9889066,6.758711,3,3,3
16.58,-0.2895509,1.408331,-0.4891465,3.231726,-172.2685,-2.072266,-0.1343164,-0.05637435,-0.9893338,6.648004,3,3,3
16.6,-0.288436,1.408821,-0.490675,3.270291,-172.3901,-2.0271,-0.1322117,-0.05704636,-0.9895786,6.49057,3,3,3
16.62,-0.2878491,1.409078,-0.4914297,3.334077,-172.4113,-2.007751,-0.1318365,-0.05815779,-0.9895639,6.402758,3,3,3
16.64,-0.2867277,1.409581,-0.4930201,3.45581,-172.4903,-1.923767,-0.1304557,-0.0602787,-0.9896201,6.415638,3,3,3
16.66,-0.2856622,1.409958,-0.4947991,3.509523,-172.5564,-1.814606,-0.1293076,-0.06121444,-0.9897134,6.40732,3,3,3
16.68,-0.2851602,1.41011,-0.4956405,3.555022,-172.5552,-1.778931,-0.129321,-0.06200703,-0.9896622,6.380702,3,3,3
16.7,-0.2840849,1.410365,-0.4974387,3.679994,-172.5704,-1.706116,-0.1290415,-0.06418386,-0.9895599,6.407197,3,3,3
16.72,-0.2829228,1.410601,-0.4991645,3.878028,-172.5828,-1.578064,-0.1287971,-0.06763269,-0.9893621,6.462351,3,3,3
16.74,-0.2817133,1.410658,-0.5010113,4.024848,-172.6313,-1.403687,-0.1279372,-0.0701891,-0.9892955,6.560377,3,3,3
16.76,-0.2804566,1.410776,-0.5028055,4.175359,-172.6685,-1.25119,-0.1272713,-0.07280928,-0.989192,6.603786,3,3,3
16.78,-0.2792161,1.41119,-0.5046985,4.326899,-172.6868,-1.129333,-0.126931,-0.07544687,-0.9890381,6.662796,3,3,3
16.8,-0.2778836,1.41163,-0.5067043,4.425206,-172.6433,-1.065155,-0.1276642,-0.07715765,-0.9888118,6.742616,3,3,3
16.82,-0.2772487,1.411816,-0.5077908,4.4501,-172.6069,-1.026917,-0.1282875,-0.07759083,-0.9886971,6.845988,3,3,3
16.84,-0.2759565,1.412255,-0.5098574,4.578352,-172.5429,-0.9067078,-0.1293696,-0.07982231,-0.9883788,6.895517,3,3,3
16.86,-0.2747446,1.412699,-0.5119606,4.768662,-172.4482,-0.7331543,-0.1309671,-0.0831328,-0.9878951,7.033915,3,3,3
16.88,-0.2736256,1.41319,-0.514189,4.901773,-172.3059,-0.5307312,-0.1333951,-0.08544776,-0.9873725,7.235055,3,3,3
16.9,-0.2725146,1.413662,-0.5165634,4.919499,-172.1471,-0.3685608,-0.1361271,-0.085756,-0.9869729,7.441442,3,3,3
16.92,-0.2719692,1.413903,-0.5177522,4.911802,-172.0557,-0.3094177,-0.1377023,-0.08562215,-0.9867663,7.591738,3,3,3
16.94,-0.2709092,1.414207,-0.5201308,4.949036,-171.8369,-0.210907,-0.1414613,-0.08626959,-0.9861779,7.667336,3,3,3
16.96,-0.2697444,1.414565,-0.5225195,5.073008,-171.6239,-0.1250916,-0.1451,-0.08842506,-0.9854578,7.880028,3,3,3
16.98,-0.2685401,1.415208,-0.5251234,5.163939,-171.4128,-0.007873535,-0.148708,-0.09000577,-0.9847767,8.139479,3,3,3
17,-0.2673243,1.415663,-0.5279696,5.170494,-171.2241,0.2202501,-0.1519491,-0.09011971,-0.9842713,8.379722,3,3,3
17.02,-0.2667318,1.415875,-0.529384,5.196522,-171.1385,0.3540867,-0.1534134,-0.09057212,-0.9840026,8.552972,3,3,3
17.04,-0.2655043,1.416297,-0.5324554,5.254107,-170.9508,0.5357155,-0.156621,-0.09157301,-0.9834044,8.645087,3,3,3
17.06,-0.2643185,1.416773,-0.5357357,5.310493,-170.7599,0.7040213,-0.1598819,-0.09255295,-0.9827878,8.847,3,3,3
17.08,-0.2632745,1.417367,-0.5393033,5.415334,-170.5668,0.8590778,-0.1631666,-0.09437475,-0.9820747,9.051389,3,3,3
17.1,-0.2623597,1.417597,-0.5431112,5.490336,-170.3468,1.025576,-0.1669148,-0.09567785,-0.9813181,9.284127,3,3,3
17.12,-0.2618603,1.417688,-0.545213,5.52166,-170.2069,1.079646,-0.1693014,-0.09622205,-0.9808563,9.521775,3,3,3
17.14,-0.2609161,1.417728,-0.549561,5.609616,-169.8717,1.133828,-0.17501,-0.09774993,-0.9797024,9.66357,3,3,3
17.16,-0.260031,1.417582,-0.5542141,5.777549,-169.4022,1.109853,-0.1829789,-0.1006664,-0.9779494,10.00872,3,3,3
17.18,-0.2592764,1.417347,-0.5593432,5.942206,-168.8549,1.118462,-0.1922557,-0.1035252,-0.975869,10.51343,3,3,3
17.2,-0.2587882,1.417234,-0.5649043,6.059455,-168.2657,1.245948,-0.202238,-0.1055604,-0.9736311,11.08511,3,3,3
17.22,-0.2586586,1.417107,-0.5677197,6.125679,-167.9563,1.348783,-0.2074655,-0.1067097,-0.9724048,11.67136,3,3,3
17.24,-0.2582716,1.416963,-0.573555,6.376454,-167.2347,1.523251,-0.2195911,-0.1110605,-0.96925,11.9815,3,3,3
17.26,-0.2578106,1.417114,-0.5796719,6.691789,-166.3983,1.60504,-0.233569,-0.1165284,-0.9653325,12.75362,3,3,3
17.28,-0.2575908,1.417305,-0.5858439,6.919627,-165.5304,1.727459,-0.2480464,-0.1204769,-0.9612277,13.66174,3,3,3
17.3,-0.2575835,1.417531,-0.5917019,7.187533,-164.6795,2.026321,-0.2621416,-0.1251173,-0.9568844,14.5579,3,3,3
17.32,-0.2574901,1.41778,-0.5945134,7.313709,-164.248,2.164361,-0.2692649,-0.1273019,-0.9546155,15.45674,3,3,3
17.34,-0.2572328,1.418389,-0.6000254,7.497849,-163.3362,2.243271,-0.2843032,-0.130489,-0.9498128,15.90952,3,3,3
17.36,-0.2567958,1.419054,-0.6051259,7.646484,-162.3141,2.044114,-0.3010975,-0.1330605,-0.9442643,16.83251,3,3,3
17.38,-0.2560954,1.419414,-0.6096146,7.908691,-161.2313,1.842544,-0.3186879,-0.1375948,-0.9378198,17.84732,3,3,3
17.4,-0.2552586,1.420127,-0.6136538,8.091744,-160.2161,1.869755,-0.3351043,-0.1407586,-0.9316075,18.96805,3,3,3
17.42,-0.2547994,1.420498,-0.6155809,8.117489,-159.7437,1.954216,-0.3427507,-0.1412034,-0.928754,19.99806,3,3,3
17.44,-0.2535603,1.421092,-0.6191621,8.07969,-158.8653,2.12713,-0.3569828,-0.1405503,-0.9234765,20.45626,3,3,3
17.46,-0.2518994,1.421505,-0.6225156,7.972922,-158.0734,2.293425,-0.3698089,-0.1387051,-0.918696,21.28305,3,3,3
17.48,-0.2498278,1.421976,-0.625652,7.834466,-157.423,2.498346,-0.3803413,-0.1363115,-0.9147457,22.01205,3,3,3
17.5,-0.2486571,1.422112,-0.6270667,7.75275,-157.2011,2.584274,-0.3839559,-0.1348985,-0.9134443,22.60436,3,3,3
17.52,-0.2460959,1.422243,-0.6299103,7.621957,-156.7861,2.71647,-0.3906823,-0.1326362,-0.9109199,22.79983,3,3,3
17.54,-0.2431215,1.422098,-0.6326835,7.538057,-156.5317,2.815298,-0.3948004,-0.1311847,-0.9093533,23.17702,3,3,3
17.56,-0.2399119,1.421756,-0.6352068,7.540689,-156.4334,2.912399,-0.3963574,-0.1312302,-0.9086692,23.41738,3,3,3
17.58,-0.2364979,1.421215,-0.6376411,7.559225,-156.429,2.978524,-0.3964092,-0.131551,-0.9086002,23.53372,3,3,3
17.6,-0.2347515,1.420959,-0.638858,7.561804,-156.462,3.00796,-0.3958846,-0.1315956,-0.9088225,23.5645,3,3,3
17.62,-0.2311205,1.420271,-0.6413268,7.516122,-156.5811,3.099669,-0.3940361,-0.1308052,-0.9097394,23.54418,3,3,3
17.64,-0.2273405,1.419456,-0.6435668,7.530444,-156.7988,3.212195,-0.3905639,-0.131053,-0.9111998,23.43741,3,3,3
17.66,-0.22341,1.418693,-0.6456397,7.675708,-157.0316,3.259174,-0.3867273,-0.133566,-0.9124703,23.25342,3,3,3
17.68,-0.2194031,1.418217,-0.6475681,7.917063,-157.248,3.248346,-0.3830566,-0.1377395,-0.9133977,23.09579,3,3,3
17.7,-0.2173375,1.417993,-0.6485,8.047216,-157.3448,3.25495,-0.3813923,-0.1399891,-0.9137525,22.98721,3,3,3
17.72,-0.2132463,1.417616,-0.650106,8.294145,-157.5759,3.283874,-0.3774702,-0.1442551,-0.9147169,22.94881,3,3,3
17.74,-0.2091859,1.417352,-0.6516078,8.496318,-157.74,3.321663,-0.3746524,-0.1477459,-0.915318,22.83452,3,3,3
17.76,-0.2052501,1.417369,-0.6528974,8.644165,-157.7968,3.343488,-0.3736001,-0.1502974,-0.9153326,22.77239,3,3,3
17.78,-0.2015084,1.417423,-0.6539397,8.711307,-157.6775,3.347329,-0.3754379,-0.1514559,-0.9143892,22.79516,3,3,3
17.8,-0.1997209,1.417503,-0.6543925,8.716493,-157.5699,3.354186,-0.3771496,-0.1515454,-0.9136697,22.95567,3,3,3
17.82,-0.1963098,1.417752,-0.655136,8.704926,-157.2023,3.364296,-0.3830146,-0.1513458,-0.9112598,23.07099,3,3,3
17.84,-0.1930039,1.417673,-0.6554137,8.730546,-156.6021,3.347728,-0.3925138,-0.1517878,-0.9071345,23.43807,3,3,3
17.86,-0.1897396,1.417859,-0.6555032,8.84118,-155.834,3.30417,-0.4045183,-0.1536961,-0.9015225,24.03896,3,3,3
17.88,-0.1865404,1.418045,-0.6554922,8.848067,-154.9212,3.32974,-0.4188209,-0.1538148,-0.8949471,24.83002,3,3,3
17.9,-0.1849031,1.41821,-0.6554416,8.790411,-154.456,3.358087,-0.4261388,-0.1528204,-0.8916566,25.72715,3,3,3
17.92,-0.1815645,1.418484,-0.655351,8.633857,-153.5254,3.435869,-0.4407499,-0.1501196,-0.884988,26.16702,3,3,3
17.94,-0.1782335,1.418898,-0.6552086,8.463745,-152.5529,3.568748,-0.45591,-0.1471836,-0.8777717,27.0405,3,3,3
17.96,-0.174779,1.41906,-0.6549993,8.336357,-151.5822,3.757189,-0.4708689,-0.1449841,-0.8702081,27.9587,3,3,3
17.98,-0.171274,1.419489,-0.6548181,8.218232,-150.6549,3.946918,-0.4850366,-0.1429439,-0.862732,28.89397,3,3,3
18,-0.1694943,1.419726,-0.6547744,8.170261,-150.1812,4.014896,-0.4922122,-0.1421152,-0.8587959,29.79553,3,3,3
18.02,-0.165938,1.419976,-0.6544808,8.122597,-149.1897,4.129799,-0.5070592,-0.1412917,-0.8502516,30.26077,3,3,3
18.04,-0.1622637,1.42045,-0.6542065,8.179846,-148.1617,4.254169,-0.5221571,-0.1422808,-0.8408973,31.24809,3,3,3
18.06,-0.1584926,1.420978,-0.6540044,8.184843,-147.2192,4.375391,-0.5359113,-0.1423671,-0.8321844,32.29834,3,3,3
18.08,-0.1547201,1.421655,-0.6539476,8.033264,-146.2271,4.425504,-0.5504478,-0.139748,-0.8230904,33.25463,3,3,3
18.1,-0.1528502,1.421951,-0.6538888,7.956568,-145.7012,4.449242,-0.5580845,-0.1384224,-0.8181571,34.22984,3,3,3
18.12,-0.1490238,1.422349,-0.6536601,7.838656,-144.6686,4.614396,-0.572901,-0.136384,-0.8081979,34.74826,3,3,3
18.14,-0.1449216,1.422809,-0.6535752,7.758993,-143.7917,4.789068,-0.5853136,-0.1350064,-0.7994882,35.77592,3,3,3
18.16,-0.1407501,1.423229,-0.6536397,7.594643,-143.0467,4.901141,-0.5958905,-0.1321637,-0.792116,36.66051,3,3,3
18.18,-0.1385525,1.423325,-0.6536984,7.512674,-142.7247,4.9303,-0.6004469,-0.1307455,-0.7889038,37.40181,3,3,3
18.2,-0.1341803,1.42358,-0.6539072,7.416149,-142.1353,4.97945,-0.6086643,-0.1290751,-0.7828586,37.72372,3,3,3
18.22,-0.1296115,1.424033,-0.6545073,7.397339,-141.7841,4.939296,-0.6134774,-0.1287495,-0.7791467,38.32518,3,3,3
18.24,-0.1248554,1.424249,-0.6550518,7.40373,-141.5857,4.865311,-0.6161638,-0.1288602,-0.7770057,38.70348,3,3,3
18.26,-0.1199351,1.424446,-0.6559054,7.431021,-141.459,4.712962,-0.6178408,-0.1293325,-0.7755939,38.9343,3,3,3
18.28,-0.1150593,1.424794,-0.6569991,7.432046,-141.4845,4.562199,-0.6174949,-0.1293502,-0.7758664,39.09764,3,3,3
18.3,-0.1126293,1.424942,-0.6576201,7.409085,-141.5468,4.488154,-0.6166837,-0.1289528,-0.7765776,39.10508,3,3,3
18.32,-0.107773,1.425439,-0.6589442,7.378637,-141.6572,4.356407,-0.6152287,-0.1284258,-0.7778178,39.05565,3,3,3
18.34,-0.1029221,1.425794,-0.6604586,7.338853,-141.7971,4.201943,-0.613382,-0.1277372,-0.7793881,38.97351,3,3,3
18.36,-0.09805066,1.425973,-0.6620364,7.329325,-142.0022,4.073121,-0.6106015,-0.1275723,-0.7815953,38.8602,3,3,3
18.38,-0.0956119,1.426078,-0.6628163,7.306942,-142.1164,3.994805,-0.6090727,-0.1271848,-0.7828502,38.68637,3,3,3
18.4,-0.09076336,1.426278,-0.6644939,7.279306,-142.3389,3.838969,-0.6060655,-0.1267064,-0.7852581,38.58511,3,3,3
18.42,-0.08588494,1.4263,-0.6662295,7.267463,-142.5493,3.688111,-0.6031941,-0.1265013,-0.7874989,38.39094,3,3,3
18.44,-0.0809486,1.426293,-0.6680385,7.313693,-142.7853,3.603591,-0.5998829,-0.1273016,-0.7898956,38.21127,3,3,3
18.46,-0.07613647,1.426325,-0.6698844,7.321389,-143.0559,3.561549,-0.5961351,-0.1274349,-0.7927065,38.01542,3,3,3
18.48,-0.07377719,1.426537,-0.6709427,7.302874,-143.1761,3.541445,-0.5944954,-0.1271144,-0.7939884,37.77831,3,3,3
18.5,-0.06913996,1.426883,-0.6729769,7.234801,-143.4348,3.56271,-0.5909935,-0.1259358,-0.7967852,37.67123,3,3,3
18.52,-0.06454683,1.426986,-0.6749976,7.216347,-143.7191,3.595783,-0.5870575,-0.1256163,-0.7997399,37.43316,3,3,3
18.54,-0.06011578,1.427322,-0.6771575,7.193886,-143.9921,3.622285,-0.5832689,-0.1252274,-0.802568,37.17688,3,3,3
18.56,-0.05589769,1.427568,-0.6792623,7.17807,-144.206,3.639015,-0.5802894,-0.1249535,-0.8047677,36.93037,3,3,3
18.58,-0.05385594,1.427617,-0.680299,7.178707,-144.3136,3.688156,-0.5787756,-0.1249645,-0.8058554,36.74244,3,3,3
18.6,-0.04981764,1.42778,-0.6824306,7.202588,-144.5618,3.736972,-0.5752491,-0.125378,-0.8083123,36.64861,3,3,3
18.62,-0.04591598,1.427995,-0.6846914,7.194211,-144.8155,3.726565,-0.5716754,-0.125233,-0.8108664,36.43162,3,3,3
18.64,-0.04220502,1.428012,-0.686959,7.160035,-145.0054,3.710645,-0.5690268,-0.1246412,-0.8128181,36.20309,3,3,3
18.66,-0.03859886,1.427883,-0.6891783,7.211848,-145.1924,3.762614,-0.5663065,-0.1255384,-0.8145781,36.03228,3,3,3
18.68,-0.03682039,1.427793,-0.690316,7.251503,-145.2787,3.795759,-0.56503,-0.126225,-0.8153579,35.87793,3,3,3
18.7,-0.03343922,1.427512,-0.6924837,7.327564,-145.4327,3.875823,-0.5627406,-0.1275418,-0.816735,35.81016,3,3,3
18.72,-0.03017984,1.427166,-0.6945031,7.476274,-145.5661,3.950535,-0.5606474,-0.1301156,-0.8177679,35.69144,3,3,3
18.74,-0.0272293,1.427173,-0.6966505,7.591606,-145.5041,4.043602,-0.5613835,-0.1321112,-0.8169429,35.60535,3,3,3
18.76,-0.02450566,1.427078,-0.6986268,7.692477,-145.4056,4.300875,-0.5626543,-0.1338561,-0.8157838,35.70687,3,3,3
18.78,-0.02322065,1.426887,-0.6995189,7.741749,-145.3425,4.466235,-0.5634867,-0.1347082,-0.8150686,35.84055,3,3,3
18.8,-0.02091348,1.426667,-0.7011933,7.823424,-145.1269,4.747037,-0.5664389,-0.1361206,-0.8127843,35.92025,3,3,3
18.82,-0.01892817,1.426368,-0.7027714,7.895421,-144.645,5.126441,-0.5731554,-0.1373654,-0.8078512,36.16391,3,3,3
18.84,-0.01718108,1.426022,-0.7039976,8.042875,-144.069,5.482531,-0.5810382,-0.1399141,-0.8017597,36.66799,3,3,3
18.86,-0.01619306,1.425939,-0.704731,8.166668,-142.998,5.885059,-0.5957401,-0.1420531,-0.7905156,37.27732,3,3,3
18.88,-0.01586014,1.425925,-0.7049896,8.224713,-142.3456,6.163113,-0.6046142,-0.1430558,-0.7835667,38.36898,3,3,3
18.9,-0.01552709,1.425634,-0.7053524,8.344819,-140.6954,6.993366,-0.626736,-0.1451302,-0.7655972,39.02905,3,3,3
18.92,-0.01543628,1.42529,-0.7050284,8.572168,-138.9328,7.678709,-0.6496047,-0.149055,-0.7455176,40.69024,3,3,3
18.94,-0.01522736,1.424997,-0.7049984,8.691726,-136.7217,8.298446,-0.6776698,-0.1511181,-0.7196715,42.47845,3,3,3
18.96,-0.01640509,1.424372,-0.7035345,8.771819,-134.4402,9.098061,-0.7056307,-0.1524997,-0.6919748,44.69517,3,3,3
18.98,-0.01655542,1.424195,-0.7032045,8.796134,-133.4762,9.411866,-0.7171255,-0.1529191,-0.6799608,46.96685,3,3,3
19,-0.01671634,1.423998,-0.702909,8.709571,-131.8223,9.941582,-0.736623,-0.1514259,-0.6591333,47.92788,3,3,3
19.02,-0.01659947,1.423928,-0.7029545,8.482741,-130.8505,10.19519,-0.7481438,-0.1475115,-0.6469324,49.56149,3,3,3
19.04,-0.01654791,1.42375,-0.7027462,8.345595,-130.1569,10.24728,-0.7561876,-0.1451436,-0.6380545,50.50291,3,3,3
19.06,-0.01519716,1.423301,-0.7038382,8.348758,-130.002,10.27103,-0.7579041,-0.1451982,-0.6360024,51.17899,3,3,3
19.08,-0.01462841,1.423059,-0.7043304,8.403441,-130.0847,10.24132,-0.7568794,-0.1461425,-0.6370057,51.34214,3,3,3
19.1,-0.01317888,1.422681,-0.7055485,8.557907,-130.6266,10.13381,-0.7505187,-0.1488089,-0.6438773,51.26923,3,3,3
19.12,-0.01140508,1.422174,-0.7069881,8.813239,-131.5582,10.0506,-0.7394477,-0.1532142,-0.6555474,50.75557,3,3,3
19.14,-0.009338979,1.421625,-0.7088858,9.168256,-132.9717,9.885715,-0.7223427,-0.1593343,-0.6729292,49.8695,3,3,3
19.16,-0.007045324,1.42127,-0.7111068,9.435721,-134.6651,9.61974,-0.7016054,-0.163941,-0.6934503,48.52316,3,3,3
19.18,-0.005709186,1.42106,-0.7122823,9.561608,-135.7669,9.453597,-0.6878876,-0.166108,-0.7065541,46.8957,3,3,3
19.2,-0.002752086,1.420559,-0.714534,9.852123,-137.976,9.146639,-0.659569,-0.1711059,-0.7319096,45.83202,3,3,3
19.22,0.0006567854,1.420101,-0.7169444,10.15502,-140.5818,8.71326,-0.6250293,-0.1763121,-0.7604293,43.71572,3,3,3
19.24,0.004160784,1.419882,-0.7194111,10.35546,-143.4223,8.183311,-0.586206,-0.1797545,-0.7899688,41.22856,3,3,3
19.26,0.007680394,1.419759,-0.7215394,10.49054,-146.4474,7.471674,-0.5434636,-0.1820732,-0.8194491,38.51044,3,3,3
19.28,0.009455238,1.419778,-0.7225783,10.53767,-147.9274,7.124918,-0.5220382,-0.182882,-0.8330848,35.61925,3,3,3
19.3,0.01320077,1.419928,-0.7244447,10.57635,-151.1691,6.487813,-0.4740336,-0.1835456,-0.861164,34.20959,3,3,3
19.32,0.01720263,1.420168,-0.7260588,10.48209,-154.6014,5.637379,-0.4217554,-0.1819282,-0.8882704,31.12645,3,3,3
19.34,0.02102594,1.420353,-0.7273194,10.36597,-157.8604,4.600156,-0.3707138,-0.1799349,-0.9111502,27.85768,3,3,3
19.36,0.0228732,1.420595,-0.72779,10.30301,-159.4102,4.090369,-0.346004,-0.178854,-0.9210279,24.78699,3,3,3
19.38,0.02627597,1.420997,-0.7284867,10.09878,-162.3625,3.183246,-0.2982994,-0.1753457,-0.9382277,23.3433,3,3,3
19.4,0.02947607,1.421336,-0.7289706,9.913492,-165.167,2.420628,-0.2521805,-0.1721611,-0.9522424,20.59853,3,3,3
19.42,0.03241728,1.421675,-0.7291845,9.734644,-167.9609,1.782384,-0.2055758,-0.1690854,-0.9639237,18.06234,3,3,3
19.44,0.03515364,1.422171,-0.729153,9.502786,-170.5462,1.158561,-0.1619977,-0.1650956,-0.9728824,15.63767,3,3,3
19.46,0.03651089,1.422422,-0.72908,9.364491,-171.7621,0.9119978,-0.1413736,-0.1627145,-0.9764928,13.48695,3,3,3
19.48,0.03923392,1.422783,-0.7287897,9.127729,-174.2772,0.5079757,-0.09845363,-0.1586359,-0.9824163,12.51585,3,3,3
19.5,0.04171935,1.423379,-0.7283955,8.85218,-176.6768,-0.005517006,-0.05727847,-0.1538858,-0.986427,10.72104,3,3,3
19.52,0.04413163,1.424083,-0.7278116,8.536883,-178.9899,-0.4854126,-0.01743389,-0.1484461,-0.9887668,9.2972,3,3,3
19.54,0.04626049,1.424931,-0.7271091,8.230006,178.8075,-0.9854736,0.02059766,-0.1431473,-0.9894871,8.332346,3,3,3
19.56,0.04723784,1.425352,-0.7267203,8.100129,177.7764,-1.219696,0.03841273,-0.1409035,-0.989278,7.969743,3,3,3
19.58,0.04889397,1.425891,-0.7257484,7.884229,175.9505,-1.550598,0.06995155,-0.1371719,-0.9880742,8.028642,3,3,3
19.6,0.05043383,1.426403,-0.7247628,7.680848,174.13,-1.816315,0.1013543,-0.1336549,-0.9858316,8.471923,3,3,3
19.62,0.05161162,1.427103,-0.724028,7.422727,172.6399,-2.166382,0.1270307,-0.1291889,-0.9834499,9.283068,3,3,3
19.64,0.05249129,1.427643,-0.7232502,7.110588,171.4027,-2.40213,0.1483386,-0.1237848,-0.981159,10.09011,3,3,3
19.66,0.05277628,1.427888,-0.7228534,6.978598,170.8224,-2.516022,0.1583139,-0.1214986,-0.979885,10.81802,3,3,3
19.68,0.05314746,1.428372,-0.7222484,6.741331,169.8578,-2.818085,0.1748749,-0.1173871,-0.977568,11.20449,3,3,3
19.7,0.0533278,1.428783,-0.7217103,6.523036,169.0826,-3.056763,0.1881669,-0.1136027,-0.9755449,11.87869,3,3,3
19.72,0.05330309,1.42908,-0.7211811,6.333954,168.3709,-3.181732,0.2003446,-0.1103233,-0.9734941,12.44061,3,3,3
19.74,0.05303265,1.42923,-0.720952,6.128323,167.8294,-3.363708,0.2096182,-0.1067556,-0.9719379,12.98724,3,3,3
19.76,0.05288187,1.429326,-0.7209266,6.038895,167.6458,-3.454803,0.2127682,-0.1052036,-0.9714228,13.39089,3,3,3
19.78,0.05268706,1.429533,-0.7206264,5.846488,167.2706,-3.537354,0.2192006,-0.1018635,-0.9703482,13.52317,3,3,3
19.8,0.05218596,1.429558,-0.7207428,5.655025,166.9857,-3.684326,0.2240982,-0.09853864,-0.9695723,13.79467,3,3,3
19.82,0.05135044,1.429327,-0.7215127,5.499876,166.9183,-3.869598,0.225299,-0.09584361,-0.9695641,13.99082,3,3,3
19.84,0.0508215,1.429145,-0.7221516,5.394302,166.9318,-3.912354,0.2251096,-0.0940093,-0.9697877,14.00107,3,3,3
19.86,0.05062062,1.429143,-0.7224591,5.369259,166.8921,-3.889954,0.2257912,-0.09357415,-0.9696713,13.95245,3,3,3
19.88,0.05031236,1.429206,-0.7234499,5.280903,166.7929,-3.948975,0.2275015,-0.09203871,-0.9694185,13.9825,3,3,3
19.9,0.05008651,1.429167,-0.7247721,5.237675,166.838,-4.007416,0.2267544,-0.0912874,-0.9696646,14.04779,3,3,3
19.92,0.05000346,1.429027,-0.7262787,5.227749,166.9185,-4.01239,0.225395,-0.09111489,-0.9699975,13.99086,3,3,3
19.94,0.0499005,1.428917,-0.72806,5.241858,167.1301,-4.118408,0.2218075,-0.09136012,-0.9708012,13.91055,3,3,3
19.96,0.04979564,1.428851,-0.7289941,5.262939,167.3042,-4.162476,0.2188491,-0.0917265,-0.9714378,13.71389,3,3,3
19.98,0.04945155,1.428857,-0.7309729,5.335231,167.781,-4.145874,0.2107327,-0.09298283,-0.9731116,13.55606,3,3,3
20,0.04886591,1.428695,-0.7328502,5.447948,168.3704,-4.101624,0.2006728,-0.09494141,-0.9750469,13.13298,3,3,3
20.02,0.04786469,1.428643,-0.734772,5.665857,169.1862,-4.043701,0.1867023,-0.09872676,-0.9774433,12.62667,3,3,3
20.04,0.0471382,1.428647,-0.736514,5.826545,170.0338,-3.786194,0.1721739,-0.1015172,-0.9798216,11.97135,3,3,3
20.06,0.04678382,1.428623,-0.7373013,5.876501,170.4389,-3.686646,0.1652266,-0.1023846,-0.9809271,11.285,3,3,3
20.08,0.04610938,1.428635,-0.7389109,5.992228,171.2918,-3.527405,0.1505756,-0.1043935,-0.9830713,10.95278,3,3,3
20.1,0.04550567,1.428525,-0.7404282,6.036894,172.1336,-3.330475,0.136105,-0.1051688,-0.9850964,10.27879,3,3,3
20.12,0.0448533,1.428503,-0.7419025,6.074531,172.9151,-3.281433,0.1226467,-0.1058221,-0.9867926,9.602345,3,3,3
20.14,0.04444489,1.428462,-0.7426059,6.13045,173.3424,-3.256378,0.115273,-0.1067925,-0.9875767,9.000254,3,3,3
20.16,0.04343759,1.428323,-0.7439927,6.289737,174.1833,-3.202087,0.1007356,-0.1095563,-0.9888628,8.708247,3,3,3
20.18,0.04260078,1.428065,-0.7453259,6.523448,175.0547,-3.127716,0.08564746,-0.1136098,-0.989827,8.208558,3,3,3
20.2,0.04191797,1.427638,-0.7465807,6.755274,175.8056,-2.96698,0.0726328,-0.1176288,-0.9903979,7.813665,3,3,3
20.22,0.04131704,1.426932,-0.7477894,7.044056,176.503,-2.882019,0.06053588,-0.1226325,-0.9906042,7.571419,3,3,3
20.24,0.04098649,1.426552,-0.748361,7.218209,176.8638,-2.829437,0.05427542,-0.1256485,-0.9905891,7.482151,3,3,3
20.26,0.0404442,1.425965,-0.7492928,7.547407,177.4962,-2.654144,0.04330803,-0.1313465,-0.9903901,7.489699,3,3,3
20.28,0.03993412,1.425426,-0.7501761,7.788462,177.9803,-2.406708,0.0349182,-0.1355161,-0.9901596,7.579709,3,3,3
20.3,0.03947777,1.424831,-0.7509699,8.026192,178.4102,-2.238586,0.02747092,-0.1396258,-0.9898232,7.682628,3,3,3
20.32,0.03916772,1.424268,-0.7516464,8.306628,178.8478,-2.090363,0.0198974,-0.1444707,-0.9893092,7.828297,3,3,3
20.34,0.03902278,1.424015,-0.7519746,8.440325,179.0287,-2.030518,0.0167686,-0.1467793,-0.9890271,8.04491,3,3,3
20.36,0.03871081,1.423471,-0.7525201,8.655123,179.3359,-1.906982,0.01145852,-0.1504865,-0.9885457,8.160653,3,3,3
20.38,0.0383568,1.422944,-0.752921,8.862214,179.6031,-1.891113,0.006845231,-0.1540588,-0.9880379,8.354609,3,3,3
20.4,0.03801282,1.422554,-0.7531973,9.133066,179.9218,-1.932495,0.001348303,-0.1587279,-0.9873214,8.553799,3,3,3
20.42,0.0375433,1.422313,-0.7533669,9.280711,-179.824,-1.86203,-0.003031909,-0.1612715,-0.9869053,8.828729,3,3,3
20.44,0.03738417,1.422246,-0.753371,9.321021,-179.7563,-1.80249,-0.004196931,-0.1619659,-0.9867876,8.986731,3,3,3
20.46,0.03711458,1.421929,-0.7535388,9.353765,-179.6269,-1.71283,-0.006425353,-0.1625298,-0.9866828,9.031004,3,3,3
20.48,0.0368714,1.421684,-0.7535177,9.422408,-179.5006,-1.663879,-0.008597953,-0.1637118,-0.9864707,9.070407,3,3,3
20.5,0.03676061,1.42152,-0.753464,9.487056,-179.4521,-1.655792,-0.009432028,-0.1648248,-0.9862778,9.148364,3,3,3
20.52,0.0366572,1.42136,-0.7533502,9.557985,-179.4026,-1.668762,-0.01028113,-0.1660457,-0.9860646,9.217357,3,3,3
20.54,0.03620997,1.4209,-0.7531371,9.75657,-179.2441,-1.683105,-0.01300224,-0.1694625,-0.9854508,9.292908,3,3,3
20.56,0.03574074,1.420278,-0.752876,10.01095,-179.1169,-1.744751,-0.01517733,-0.1738363,-0.9846576,9.507707,3,3,3
20.58,0.03524549,1.419523,-0.7526883,10.35466,-178.9617,-1.838562,-0.01782575,-0.1797407,-0.9835526,9.776219,3,3,3
20.6,0.03484725,1.418525,-0.7524247,10.80954,-178.7921,-1.937958,-0.02070665,-0.1875448,-0.9820378,10.13898,3,3,3
20.62,0.03430719,1.417296,-0.7520012,11.39919,-178.6403,-2.068268,-0.02326051,-0.1976435,-0.9799982,10.616,3,3,3
20.64,0.03406905,1.416711,-0.7518145,11.72638,-178.5386,-2.162109,-0.02497179,-0.2032381,-0.978811,11.22604,3,3,3
20.66,0.03343374,1.415508,-0.7514051,12.35954,-178.3303,-2.294983,-0.02846258,-0.2140456,-0.976409,11.56804,3,3,3
20.68,0.03280952,1.414156,-0.7509787,13.01068,-178.1545,-2.412659,-0.03137793,-0.2251326,-0.9738227,12.23147,3,3,3
20.7,0.03229152,1.413015,-0.7503862,13.67649,-177.9868,-2.528412,-0.03413356,-0.2364394,-0.9710465,12.90745,3,3,3
20.72,0.03176295,1.411914,-0.7497549,14.20667,-177.8479,-2.624115,-0.03640314,-0.2454203,-0.9687332,13.59857,3,3,3
20.74,0.03152016,1.411348,-0.7494441,14.46005,-177.7693,-2.693939,-0.0376904,-0.2497049,-0.9675883,14.14848,3,3,3
20.76,0.03104288,1.41002,-0.7487884,14.98665,-177.5787,-2.858917,-0.04081032,-0.258594,-0.9651237,14.41319,3,3,3
20.78,0.03065273,1.408822,-0.7479519,15.62156,-177.3921,-2.963074,-0.04381996,-0.2692823,-0.962064,14.96731,3,3,3
20.8,0.03020005,1.407713,-0.7470256,16.25672,-177.2845,-3.032043,-0.04548231,-0.2799416,-0.9589391,15.63091,3,3,3
20.82,0.02978345,1.406397,-0.7461485,16.8748,-177.159,-3.127808,-0.04743101,-0.2902813,-0.9557653,16.28085,3,3,3
20.84,0.02963171,1.405571,-0.7456709,17.22867,-177.0887,-3.208801,-0.04851109,-0.296186,-0.9538976,16.91544,3,3,3
20.86,0.02929532,1.403967,-0.7445736,18.0386,-176.9125,-3.349365,-0.05121379,-0.3096576,-0.9494678,17.27804,3,3,3
20.88,0.02894045,1.402178,-0.7434816,18.8974,-176.7206,-3.491791,-0.05412183,-0.3238745,-0.9445509,18.1125,3,3,3
20.9,0.02854018,1.400175,-0.7423847,19.76369,-176.4915,-3.642456,-0.05759254,-0.3381416,-0.9393314,18.99745,3,3,3
20.92,0.0281767,1.398501,-0.7410982,20.65246,-176.1769,-3.696869,-0.06239189,-0.3526985,-0.9336547,19.89508,3,3,3
20.94,0.02794213,1.397737,-0.7404848,21.04474,-176.0514,-3.69873,-0.06426796,-0.3590968,-0.9310848,20.83348,3,3,3
20.96,0.02756198,1.396011,-0.7393121,21.78564,-175.7785,-3.627197,-0.06835441,-0.3711351,-0.9260597,21.24495,3,3,3
20.98,0.02722521,1.394093,-0.737891,22.63657,-175.4878,-3.547089,-0.07261136,-0.3848844,-0.9201042,22.02735,3,3,3
21,0.027043,1.392076,-0.7363473,23.72064,-175.1748,-3.457092,-0.07700972,-0.4022777,-0.9122732,22.9221,3,3,3
21.02,0.02691169,1.389603,-0.7346874,24.98183,-174.8995,-3.333618,-0.08058524,-0.4223308,-0.9028525,24.05329,3,3,3
21.04,0.0268705,1.388186,-0.7337004,25.69915,-174.7798,-3.240814,-0.08198402,-0.4336456,-0.8973462,25.34966,3,3,3
21.06,0.02690869,1.385589,-0.7314917,27.27667,-174.5465,-3.049011,-0.08447077,-0.4582877,-0.8847808,26.07912,3,3,3
21.08,0.02690931,1.383638,-0.7297283,28.63072,-174.3581,-2.92511,-0.08629034,-0.4791625,-0.8734742,27.68041,3,3,3
21.1,0.02689399,1.381751,-0.7282616,29.53451,-174.1504,-2.795807,-0.08867396,-0.4929477,-0.8655285,29.05376,3,3,3
21.12,0.02687982,1.380861,-0.7274888,29.9082,-174.044,-2.772186,-0.0899463,-0.4986117,-0.8621461,29.98176,3,3,3
21.14,0.02695945,1.379678,-0.7260613,30.56692,-173.786,-2.739105,-0.0932006,-0.5085444,-0.8559769,30.36847,3,3,3
21.16,0.02697095,1.378989,-0.7250047,30.7893,-173.5494,-2.683197,-0.09651229,-0.5118825,-0.8536168,31.06613,3,3,3
21.18,0.02715878,1.378304,-0.72376,30.92643,-173.3508,-2.564575,-0.09932771,-0.5139371,-0.8520579,31.32906,3,3,3
21.2,0.02740736,1.377866,-0.7223927,31.07765,-173.2756,-2.355774,-0.1002866,-0.5161992,-0.8505768,31.50078,3,3,3
21.22,0.02759196,1.377748,-0.7217653,31.13257,-173.2695,-2.261169,-0.1003194,-0.5170198,-0.8500744,31.66353,3,3,3
21.24,0.02804963,1.377543,-0.7206039,31.16028,-173.2623,-2.158722,-0.1003968,-0.5174339,-0.8498133,31.71869,3,3,3
21.26,0.02855773,1.377489,-0.7194188,31.17491,-173.2529,-2.102753,-0.1005215,-0.5176525,-0.8496655,31.74692,3,3,3
21.28,0.02903087,1.377837,-0.7184204,31.10868,-173.3425,-2.052826,-0.09926122,-0.5166631,-0.8504156,31.76367,3,3,3
21.3,0.0296927,1.378074,-0.7174388,30.9387,-173.4704,-2.00116,-0.09753609,-0.5141208,-0.8521542,31.68268,3,3,3
21.32,0.03011265,1.37813,-0.7169616,30.85143,-173.5343,-1.960938,-0.09667426,-0.5128137,-0.8530395,31.49066,3,3,3
21.34,0.03108207,1.378356,-0.7160316,30.73847,-173.7462,-1.865997,-0.09362869,-0.5111202,-0.8543945,31.39217,3,3,3
21.36,0.03230771,1.378559,-0.7151634,30.61877,-174.0865,-1.736908,-0.08866247,-0.5093232,-0.8559957,31.24097,3,3,3
21.38,0.03359564,1.378954,-0.7142817,30.50369,-174.5344,-1.733032,-0.08206509,-0.5075939,-0.8576794,31.0601,3,3,3
21.4,0.03496382,1.379242,-0.7135406,30.35583,-174.9788,-1.800842,-0.07552577,-0.5053688,-0.859592,30.86905,3,3,3
21.42,0.03568758,1.379447,-0.7132355,30.28247,-175.2162,-1.85025,-0.07201605,-0.5042634,-0.8605418,30.65009,3,3,3
21.44,0.03707556,1.379944,-0.7126125,30.08228,-175.7348,-1.943909,-0.06435598,-0.5012431,-0.8629099,30.54105,3,3,3
21.46,0.03857009,1.380346,-0.7118901,29.87058,-176.22,-2.037933,-0.05716705,-0.4980426,-0.8652661,30.26779,3,3,3
21.48,0.04012011,1.380649,-0.7112863,29.669,-176.6711,-2.134735,-0.05045466,-0.4949886,-0.8674334,29.99335,3,3,3
21.5,0.04147974,1.38097,-0.7106347,29.46815,-177.0472,-2.231995,-0.04484958,-0.4919397,-0.8694735,29.73841,3,3,3
21.52,0.0421344,1.381078,-0.7103024,29.37903,-177.1981,-2.272003,-0.0425963,-0.4905848,-0.8703518,29.49715,3,3,3
21.54,0.04313794,1.381221,-0.7096209,29.29333,-177.4491,-2.317902,-0.03881492,-0.489281,-0.871262,29.39265,3,3,3
21.56,0.04403301,1.381249,-0.7089705,29.2412,-177.6537,-2.302826,-0.03572276,-0.4884872,-0.8718396,29.28331,3,3,3
21.58,0.04490713,1.381274,-0.7082154,29.21776,-177.8005,-2.286957,-0.03349642,-0.4881303,-0.8721277,29.21294,3,3,3
21.6,0.04575368,1.381221,-0.7075307,29.23086,-177.8876,-2.19281,-0.03216609,-0.4883298,-0.8720661,29.17752,3,3,3
21.62,0.04617472,1.381223,-0.7072538,29.24644,-177.9092,-2.145721,-0.03183222,-0.488567,-0.8719455,29.18396,3,3,3
21.64,0.04678447,1.381256,-0.7066239,29.21153,-177.9273,-2.034424,-0.03156733,-0.4880354,-0.8722528,29.19833,3,3,3
21.66,0.04728603,1.381376,-0.7060651,29.11771,-177.9051,-1.92038,-0.03193512,-0.4866054,-0.8730381,29.16196,3,3,3
21.68,0.04756767,1.381458,-0.7055794,29.0194,-177.8571,-1.80542,-0.0326983,-0.4851057,-0.873844,29.06937,3,3,3
21.7,0.04790008,1.381554,-0.7050419,28.94777,-177.797,-1.696167,-0.0336373,-0.4840121,-0.8744147,28.97395,3,3,3
21.72,0.04805754,1.38163,-0.7048268,28.89884,-177.7588,-1.645172,-0.03423692,-0.4832646,-0.8748046,28.90688,3,3,3
21.74,0.04834417,1.381714,-0.7044571,28.78236,-177.6635,-1.547821,-0.0357312,-0.4814839,-0.8757263,28.86096,3,3,3
21.76,0.04867864,1.381775,-0.7040913,28.6987,-177.5777,-1.463837,-0.03707189,-0.4802036,-0.8763736,28.75155,3,3,3
21.78,0.04887929,1.381769,-0.7036062,28.66127,-177.5306,-1.408386,-0.03780631,-0.4796305,-0.8766558,28.67488,3,3,3
21.8,0.049027,1.381642,-0.7032061,28.67537,-177.4843,-1.377258,-0.03851007,-0.4798463,-0.8765071,28.64129,3,3,3
21.82,0.0491055,1.381567,-0.7030557,28.68381,-177.4613,-1.365173,-0.038858,-0.4799757,-0.8764209,28.65918,3,3,3
21.84,0.04935248,1.381438,-0.702631,28.72188,-177.4755,-1.297516,-0.0386273,-0.4805584,-0.8761116,28.66947,3,3,3
21.86,0.04970606,1.381333,-0.7021773,28.77582,-177.5377,-1.235413,-0.03765674,-0.4813838,-0.8757007,28.70604,3,3,3
21.88,0.05025393,1.381331,-0.7018361,28.76935,-177.6588,-1.188782,-0.03580746,-0.4812848,-0.8758326,28.75448,3,3,3
21.9,0.05080265,1.381435,-0.7015343,28.66806,-177.7944,-1.157898,-0.03376804,-0.4797345,-0.8767637,28.73727,3,3,3
21.92,0.05106849,1.381508,-0.7013577,28.60821,-177.8589,-1.141907,-0.03279945,-0.4788176,-0.8773015,28.62366,3,3,3
21.94,0.05145255,1.381613,-0.7009861,28.51092,-177.9901,-1.12265,-0.03081974,-0.4773263,-0.8781855,28.55807,3,3,3
21.96,0.05177104,1.381774,-0.7005677,28.4263,-178.0911,-1.083405,-0.02929409,-0.4760279,-0.8789421,28.4495,3,3,3
21.98,0.05214513,1.381963,-0.7001324,28.31706,-178.1621,-1.060913,-0.02823441,-0.4743504,-0.8798833,28.35689,3,3,3
22,0.05253257,1.381908,-0.6996613,28.23735,-178.2118,-1.017395,-0.027491,-0.4731251,-0.8805666,28.24192,3,3,3
22.02,0.05272278,1.381874,-0.6994357,28.23006,-178.2219,-0.9983826,-0.02733803,-0.473013,-0.8806314,28.15699,3,3,3
22.04,0.05303507,1.381837,-0.6988734,28.19604,-178.1941,-0.9970703,-0.02777372,-0.4724897,-0.8808984,28.14871,3,3,3
22.06,0.05324557,1.381831,-0.6981884,28.21081,-178.1478,-0.9331055,-0.02848177,-0.472717,-0.880754,28.11599,3,3,3
22.08,0.05322548,1.381742,-0.6974396,28.23071,-178.1315,-0.8710632,-0.02872674,-0.4730231,-0.8805817,28.13451,3,3,3
22.1,0.05326195,1.381765,-0.6970742,28.23594,-178.1042,-0.8445435,-0.02914577,-0.4731036,-0.8805246,28.15536,3,3,3
22.12,0.05339865,1.381832,-0.6963307,28.1709,-178.0455,-0.7962646,-0.03006651,-0.4721031,-0.8810305,28.16293,3,3,3
22.14,0.05371069,1.381693,-0.6954942,28.07404,-178.0047,-0.7667236,-0.03072144,-0.4706122,-0.8818054,28.10184,3,3,3
22.16,0.0539876,1.381731,-0.6945436,28.02204,-177.9731,-0.7597961,-0.03122315,-0.4698111,-0.8822148,28.0058,3,3,3
22.18,0.05419871,1.381965,-0.6935888,27.88095,-177.9301,-0.7296448,-0.03192603,-0.4676358,-0.8833445,27.95588,3,3,3
22.2,0.05421886,1.38203,-0.6930547,27.80414,-177.9222,-0.7150574,-0.03206996,-0.4664506,-0.8839658,27.81769,3,3,3
22.22,0.05424847,1.38211,-0.6919205,27.67319,-177.8806,-0.6687317,-0.03275209,-0.4644277,-0.8850053,27.74073,3,3,3
22.24,0.05443013,1.382234,-0.6906835,27.58872,-177.8535,-0.6112366,-0.03319567,-0.4631216,-0.885673,27.61172,3,3,3
22.26,0.05471956,1.382425,-0.6895283,27.48654,-177.8166,-0.5732727,-0.03379763,-0.4615402,-0.8864754,27.52917,3,3,3
22.28,0.05508861,1.382413,-0.6884422,27.35975,-177.785,-0.5041199,-0.03432533,-0.4595759,-0.887475,27.43003,3,3,3
22.3,0.05518327,1.382448,-0.6878654,27.30838,-177.7974,-0.4678345,-0.03414947,-0.4587795,-0.8878937,27.30418,3,3,3
22.32,0.05543533,1.382452,-0.6866816,27.24642,-177.7916,-0.397583,-0.03425918,-0.4578184,-0.8883857,27.25117,3,3,3
22.34,0.05557902,1.38228,-0.6855115,27.24627,-177.7938,-0.342926,-0.03422451,-0.4578161,-0.8883879,27.18894,3,3,3
22.36,0.05564778,1.382134,-0.6844313,27.27719,-177.8188,-0.311615,-0.0338278,-0.4582957,-0.8881558,27.18748,3,3,3
22.38,0.0557607,1.381985,-0.6834536,27.29575,-177.8429,-0.3071594,-0.03344886,-0.4585836,-0.8880216,27.21568,3,3,3
22.4,0.05581917,1.381884,-0.6830435,27.30073,-177.8372,-0.315155,-0.03353549,-0.4586608,-0.8879784,27.23142,3,3,3
22.42,0.05598821,1.381505,-0.6822406,27.30282,-177.8427,-0.324585,-0.03344947,-0.4586933,-0.8879649,27.23635,3,3,3
22.44,0.05604167,1.381343,-0.6818261,27.32294,-177.8473,-0.3605957,-0.03337171,-0.4590052,-0.8878067,27.23551,3,3,3
22.46,0.0560569,1.381073,-0.6806774,27.43376,-177.8687,-0.4657898,-0.03300754,-0.4607228,-0.8869303,27.25447,3,3,3
22.48,0.0559158,1.380953,-0.6799904,27.52166,-177.855,-0.5161133,-0.03319363,-0.4620839,-0.886215,27.36335,3,3,3
22.5,0.05588296,1.380921,-0.6797545,27.53741,-177.8359,-0.5267639,-0.03348322,-0.4623277,-0.8860769,27.45299,3,3,3
22.52,0.05581128,1.380977,-0.6793547,27.50477,-177.8113,-0.5546265,-0.03387378,-0.4618225,-0.8863255,27.47043,3,3,3
22.54,0.05583351,1.380985,-0.6789941,27.43437,-177.7673,-0.5675354,-0.03457746,-0.4607323,-0.8868655,27.43978,3,3,3
22.56,0.05589258,1.38098,-0.6785825,27.39308,-177.7129,-0.5681458,-0.03543219,-0.4600925,-0.8871638,27.37234,3,3,3
22.58,0.05581258,1.381267,-0.6784272,27.336,-177.6405,-0.5151978,-0.03657128,-0.4592077,-0.8875757,27.33539,3,3,3
22.6,0.05572722,1.381466,-0.6784337,27.25418,-177.6029,-0.4985046,-0.03718129,-0.4579387,-0.888206,27.28617,3,3,3
22.62,0.05545199,1.38203,-0.6788217,27.06028,-177.4716,-0.4493408,-0.03928514,-0.4549277,-0.8896614,27.20805,3,3,3
22.64,0.05530491,1.382456,-0.6792852,26.93204,-177.3367,-0.4031372,-0.04142729,-0.4529333,-0.8905814,27.0281,3,3,3
22.66,0.05518097,1.382601,-0.6801252,26.91258,-177.2095,-0.3135681,-0.04341108,-0.4526304,-0.890641,26.91508,3,3,3
22.68,0.05511881,1.382634,-0.6810437,26.88531,-177.0743,-0.2649841,-0.04552409,-0.4522061,-0.8907509,26.91035,3,3,3
22.7,0.05505243,1.382636,-0.6816003,26.86817,-176.996,-0.2468567,-0.04674828,-0.4519393,-0.8908229,26.89854,3,3,3
22.72,0.0548524,1.382535,-0.6828603,26.88697,-176.8305,-0.205719,-0.04931355,-0.4522319,-0.8905361,26.8905,3,3,3
22.74,0.05452912,1.382335,-0.684234,26.99678,-176.6894,-0.1731567,-0.05145623,-0.4539405,-0.889545,26.92914,3,3,3
22.76,0.05422945,1.382138,-0.6858596,27.15866,-176.5672,-0.1262817,-0.05327631,-0.4564561,-0.8881496,27.05669,3,3,3
22.78,0.05393963,1.381913,-0.6877892,27.27207,-176.4957,-0.08563232,-0.05432954,-0.4582163,-0.8871787,27.23482,3,3,3
22.8,0.0538284,1.38179,-0.6888093,27.32122,-176.4694,-0.06939697,-0.05471187,-0.4589786,-0.886761,27.35722,3,3,3
22.82,0.05364502,1.381425,-0.6909693,27.38878,-176.4106,-0.06845093,-0.05558871,-0.4600259,-0.8861639,27.40948,3,3,3
22.84,0.05332913,1.38109,-0.693176,27.52171,-176.3691,-0.1005859,-0.05616195,-0.4620847,-0.8850561,27.48316,3,3,3
22.86,0.05291976,1.380719,-0.6955535,27.6845,-176.3223,-0.0987854,-0.05680118,-0.4646025,-0.8836957,27.62051,3,3,3
22.88,0.05230405,1.380514,-0.6982537,27.79551,-176.2953,-0.08361816,-0.05715926,-0.4663172,-0.8827689,27.78841,3,3,3
22.9,0.05205227,1.380404,-0.6998087,27.80651,-176.2433,-0.06872559,-0.05795407,-0.4664871,-0.8826274,27.90223,3,3,3
22.92,0.05151132,1.380146,-0.7029372,27.8082,-176.1766,-0.08532715,-0.05898127,-0.4665132,-0.8825456,27.91965,3,3,3
22.94,0.05095655,1.379683,-0.7063689,27.79695,-176.0955,-0.02981567,-0.06023598,-0.4663395,-0.8825526,27.92863,3,3,3
22.96,0.0503272,1.379235,-0.7100327,27.81631,-176.0243,0.03657348,-0.06132114,-0.4666383,-0.8823201,27.92542,3,3,3
22.98,0.04994291,1.378981,-0.7119645,27.83478,-175.9923,0.06090413,-0.06180378,-0.4669235,-0.8821355,27.95182,3,3,3
23,0.04909329,1.378438,-0.7159896,27.91167,-175.9053,0.1182025,-0.06309807,-0.4681098,-0.8814148,27.97311,3,3,3
23.02,0.04813116,1.377886,-0.7203486,28.00766,-175.8135,0.2012633,-0.06445311,-0.4695896,-0.8805292,28.05916,3,3,3
23.04,0.04716464,1.377315,-0.7247964,28.06993,-175.7468,0.259185,-0.06544071,-0.4705488,-0.8799441,28.16511,3,3,3
23.06,0.04622747,1.376465,-0.7293112,28.16369,-175.6404,0.2890074,-0.06701517,-0.4719922,-0.8790522,28.23329,3,3,3
23.08,0.04576595,1.375975,-0.7315276,28.25261,-175.5795,0.3260591,-0.06789359,-0.4733597,-0.8782489,28.33761,3,3,3
23.1,0.04478667,1.37512,-0.7360216,28.43102,-175.4714,0.3993274,-0.06943433,-0.4761004,-0.8766454,28.43288,3,3,3
23.12,0.04371867,1.374389,-0.7402476,28.62275,-175.3802,0.4454511,-0.07070003,-0.4790404,-0.8749412,28.6227,3,3,3
23.14,0.04259574,1.373669,-0.7442263,28.82704,-175.2585,0.4560937,-0.07241763,-0.4821671,-0.8730811,28.82398,3,3,3
23.16,0.04156463,1.373052,-0.7478244,29.04625,-175.1421,0.4813572,-0.07403357,-0.4855155,-0.871088,29.04293,3,3,3
23.18,0.04108158,1.372825,-0.7494972,29.13668,-175.1035,0.5077842,-0.07455444,-0.4868947,-0.8702732,29.27686,3,3,3
23.2,0.0402269,1.372391,-0.7527153,29.24032,-175.0147,0.5212671,-0.07582698,-0.4884738,-0.8692775,29.37193,3,3,3
23.22,0.03950255,1.372019,-0.7556173,29.27439,-174.9263,0.5241947,-0.07714221,-0.4889925,-0.8688701,29.48694,3,3,3
23.24,0.03874555,1.371762,-0.7582017,29.27633,-174.834,0.5384584,-0.07854038,-0.4890221,-0.8687283,29.53288,3,3,3
23.26,0.0380391,1.371479,-0.7604102,29.26103,-174.7355,0.5729091,-0.08004523,-0.4887893,-0.868722,29.54825,3,3,3
23.28,0.03764521,1.371357,-0.7613566,29.27279,-174.6927,0.5735889,-0.08068616,-0.4889683,-0.868562,29.54758,3,3,3
23.3,0.03698422,1.371157,-0.763059,29.29752,-174.6254,0.6108673,-0.08168636,-0.4893447,-0.8682564,29.5657,3,3,3
23.32,0.0364961,1.370923,-0.7644049,29.30043,-174.5988,0.6819992,-0.08208641,-0.4893889,-0.8681937,29.6004,3,3,3
23.34,0.03619025,1.37065,-0.7653922,29.34193,-174.5747,0.7181227,-0.08241802,-0.4900205,-0.867806,29.606,3,3,3
23.36,0.03591116,1.370482,-0.7660648,29.37332,-174.562,0.7264679,-0.08258519,-0.490498,-0.8675204,29.64967,3,3,3
23.38,0.0358205,1.370392,-0.7662437,29.36241,-174.5555,0.7367889,-0.08269208,-0.490332,-0.867604,29.68191,3,3,3
23.4,0.03559528,1.370294,-0.7662895,29.37337,-174.5664,0.7229477,-0.08251917,-0.4904988,-0.8675261,29.6715,3,3,3
23.42,0.03531829,1.370236,-0.7664756,29.42588,-174.5872,0.6547455,-0.08216198,-0.4912972,-0.867108,29.67957,3,3,3
23.44,0.03536804,1.370298,-0.7656759,29.40392,-174.5784,0.6341199,-0.08231282,-0.4909634,-0.8672829,29.72758,3,3,3
23.46,0.03571877,1.370624,-0.7638843,29.31561,-174.5861,0.6346315,-0.08226772,-0.48962,-0.8680465,29.70767,3,3,3
23.48,0.03591135,1.370764,-0.7631307,29.26845,-174.5884,0.6280789,-0.0822705,-0.4889022,-0.8684506,29.62058,3,3,3
23.5,0.03629529,1.371239,-0.7613889,29.13177,-174.573,0.6264898,-0.08261409,-0.4868198,-0.869587,29.57419,3,3,3
23.52,0.03667455,1.371897,-0.7593125,28.92459,-174.5643,0.6423093,-0.0829122,-0.4836581,-0.8713211,29.44403,3,3,3
23.54,0.03708545,1.372573,-0.7568324,28.69834,-174.5538,0.7054389,-0.08325278,-0.4801981,-0.8732002,29.24349,3,3,3
23.56,0.03760562,1.373422,-0.7539604,28.47517,-174.5439,0.7430352,-0.08358061,-0.4767779,-0.8750413,29.0245,3,3,3
23.58,0.0379092,1.373924,-0.7524108,28.34416,-174.5375,0.7625042,-0.08378199,-0.4747666,-0.8761149,28.80985,3,3,3
23.6,0.0386922,1.374883,-0.7490776,28.06234,-174.5033,0.8255454,-0.08452648,-0.470432,-0.8783786,28.68403,3,3,3
23.62,0.03955867,1.375875,-0.7453071,27.77335,-174.5091,0.8990757,-0.08466467,-0.4659751,-0.880738,28.41682,3,3,3
23.64,0.04043243,1.377034,-0.7412888,27.42556,-174.5202,0.950352,-0.08476226,-0.4605957,-0.8835536,28.13529,3,3,3
23.66,0.04134956,1.378248,-0.7369709,27.04095,-174.5011,0.9968565,-0.08535101,-0.4546271,-0.886583,27.79534,3,3,3
23.68,0.04176663,1.378898,-0.7346612,26.83314,-174.4933,0.9991593,-0.08563001,-0.4513938,-0.8882067,27.4254,3,3,3
23.7,0.04276199,1.380192,-0.7297441,26.44378,-174.4991,1.038211,-0.08583083,-0.4453194,-0.8912484,27.22505,3,3,3
23.72,0.04387171,1.381692,-0.7244604,26.00396,-174.5081,1.085712,-0.08601607,-0.4384333,-0.8946382,26.84642,3,3,3
23.74,0.04519439,1.383273,-0.7189321,25.46363,-174.4796,1.125098,-0.08685502,-0.4299381,-0.898671,26.41881,3,3,3
23.76,0.04643313,1.38484,-0.7129177,24.96268,-174.4489,1.168968,-0.08769712,-0.4220278,-0.9023313,25.90072,3,3,3
23.78,0.04705224,1.3857,-0.7097611,24.708,-174.4246,1.205843,-0.08826134,-0.4179938,-0.9041521,25.42292,3,3,3
23.8,0.04821362,1.387525,-0.7033819,24.08647,-174.3803,1.307812,-0.08939867,-0.4081149,-0.9085429,25.18274,3,3,3
23.82,0.04937474,1.389421,-0.6967311,23.37289,-174.3264,1.397285,-0.09074927,-0.3967136,-0.9134455,24.59207,3,3,3
23.84,0.05058119,1.391158,-0.6895869,22.68998,-174.2648,1.481748,-0.09219689,-0.3857448,-0.9179873,23.9152,3,3,3
23.86,0.05188112,1.393045,-0.6823232,21.97386,-174.1996,1.589608,-0.09372122,-0.3741835,-0.9226068,23.27196,3,3,3
23.88,0.05255549,1.394005,-0.6786472,21.55777,-174.1723,1.659284,-0.09443494,-0.3674391,-0.9252408,22.60101,3,3,3
23.9,0.05385464,1.395726,-0.6711178,20.72582,-174.1176,1.784406,-0.09585458,-0.3538963,-0.93036,22.20869,3,3,3
23.92,0.0549762,1.397312,-0.6632942,19.95979,-174.0784,1.909023,-0.09696995,-0.3413606,-0.934917,21.42601,3,3,3
23.94,0.05599512,1.398923,-0.6554481,19.21469,-174.0385,2.001228,-0.09807378,-0.3291087,-0.9391851,20.70575,3,3,3
23.96,0.05699939,1.400364,-0.6476172,18.47914,-173.9975,2.089437,-0.099181,-0.3169593,-0.943239,20.00978,3,3,3
23.98,0.05740919,1.401004,-0.6436719,18.12908,-173.9847,2.12426,-0.09959138,-0.3111588,-0.9451253,19.32638,3,3,3
24,0.05831885,1.402053,-0.6358378,17.4471,-173.9185,2.145369,-0.1010697,-0.2998251,-0.9486254,18.99994,3,3,3
24.02,0.05923778,1.402889,-0.6281468,16.84538,-173.8199,2.166574,-0.103034,-0.28979,-0.9515283,18.38056,3,3,3
24.04,0.05994193,1.403328,-0.6204501,16.3362,-173.7502,2.198297,-0.1044689,-0.281273,-0.9539244,17.85324,3,3,3
24.06,0.0602679,1.403524,-0.6166495,16.09864,-173.723,2.213609,-0.1050474,-0.2772919,-0.9550257,17.4046,3,3,3
24.08,0.06090777,1.403745,-0.6093718,15.69496,-173.6869,2.223557,-0.1058614,-0.2705157,-0.9568776,17.19453,3,3,3
24.1,0.06145911,1.40367,-0.6024144,15.20679,-173.6828,2.228151,-0.1061803,-0.2623035,-0.9591261,16.83507,3,3,3
24.12,0.06208278,1.403329,-0.5955954,14.76242,-173.6894,2.194144,-0.1062897,-0.2548116,-0.9611314,16.38441,3,3,3
24.14,0.06288498,1.402872,-0.5889683,14.46321,-173.7046,2.162272,-0.1061802,-0.2497584,-0.962469,15.97083,3,3,3
24.16,0.06330743,1.402666,-0.585746,14.32397,-173.7124,2.16853,-0.1061142,-0.2474045,-0.9630841,15.68873,3,3,3
24.18,0.06400964,1.40221,-0.5794438,14.0135,-173.7776,2.172839,-0.1051615,-0.2421505,-0.9645228,15.55758,3,3,3
24.2,0.06467095,1.401736,-0.5733163,13.65003,-173.8642,2.17565,-0.1038662,-0.2359907,-0.9661886,15.24389,3,3,3
24.22,0.06537369,1.401064,-0.5673043,13.23835,-173.9187,2.157281,-0.1031251,-0.2290024,-0.967948,14.87251,3,3,3
24.24,0.06600168,1.400504,-0.5613438,12.85576,-173.9724,2.212258,-0.1023754,-0.2224975,-0.9695435,14.47166,3,3,3
24.26,0.06624969,1.400266,-0.5584207,12.64671,-174.0184,2.242554,-0.1016815,-0.2189387,-0.9704261,14.09932,3,3,3
24.28,0.06678119,1.399699,-0.5527518,12.1877,-174.0616,2.274749,-0.1011269,-0.211115,-0.972216,13.88864,3,3,3
24.3,0.06727812,1.398878,-0.5470794,11.70985,-174.0803,2.2817,-0.1009884,-0.2029556,-0.9739662,13.45474,3,3,3
24.32,0.06776445,1.398044,-0.5414197,11.32333,-174.0804,2.286599,-0.1011254,-0.1963454,-0.9753062,13.01772,3,3,3
24.34,0.06830493,1.397323,-0.5357893,11.00433,-174.0948,2.291393,-0.1009917,-0.1908832,-0.9764037,12.67429,3,3,3
24.36,0.06854162,1.39695,-0.533047,10.835,-174.0963,2.294691,-0.1010224,-0.1879813,-0.9769633,12.38615,3,3,3
24.38,0.06911027,1.395937,-0.5275706,10.44914,-174.0697,2.267258,-0.1016054,-0.1813627,-0.9781537,12.2372,3,3,3
24.4,0.06935809,1.395319,-0.5248771,10.25003,-174.0495,2.232878,-0.1020151,-0.1779441,-0.9787387,11.91649,3,3,3
24.42,0.06963326,1.394771,-0.5222256,10.08631,-174.0302,2.230711,-0.1023962,-0.1751315,-0.9792058,11.75586,3,3,3
24.44,0.07054813,1.39319,-0.5140498,9.614017,-173.9944,2.179498,-0.103157,-0.16701,-0.9805442,11.62656,3,3,3
24.46,0.07124773,1.392017,-0.5084867,9.350826,-173.9541,2.145376,-0.1039258,-0.1624792,-0.9812238,11.24868,3,3,3
24.48,0.07200325,1.390526,-0.5030006,9.04816,-173.9127,2.142345,-0.1047238,-0.1572646,-0.9819882,11.05371,3,3,3
24.5,0.072777,1.389268,-0.4975036,8.788081,-173.8792,2.206268,-0.1053728,-0.1527802,-0.9826264,10.83009,3,3,3
24.52,0.07357865,1.388279,-0.4920545,8.526972,-173.8494,2.279849,-0.1059584,-0.1482749,-0.9832534,10.64141,3,3,3
24.54,0.07436789,1.387441,-0.4867154,8.198826,-173.8388,2.35827,-0.1062285,-0.1426087,-0.9840622,10.45508,3,3,3
24.56,0.07478689,1.386984,-0.4841066,8.010723,-173.808,2.377232,-0.1068073,-0.1393584,-0.9844651,10.20939,3,3,3
24.58,0.07555881,1.385862,-0.4789011,7.583977,-173.7737,2.380433,-0.1075066,-0.1319792,-0.9854054,10.08814,3,3,3
24.6,0.0763488,1.384791,-0.4736765,7.240193,-173.7212,2.389245,-0.1084942,-0.1260292,-0.9860759,9.795649,3,3,3
24.62,0.07718413,1.383878,-0.4683019,6.974334,-173.6184,2.31117,-0.1103267,-0.1214247,-0.9864502,9.58708,3,3,3
24.64,0.07794937,1.382835,-0.4629149,6.671699,-173.5228,2.285828,-0.1120436,-0.1161801,-0.9868884,9.480085,3,3,3
24.66,0.07836831,1.382258,-0.4602237,6.491065,-173.4734,2.303822,-0.1129353,-0.1130483,-0.9871504,9.350908,3,3,3
24.68,0.07911469,1.381001,-0.4547793,6.170018,-173.3997,2.403014,-0.1142769,-0.1074791,-0.9876179,9.272583,3,3,3
24.7,0.07997412,1.379833,-0.4491401,5.914438,-173.3199,2.423322,-0.1157064,-0.1030432,-0.9879242,9.129702,3,3,3
24.72,0.08088752,1.378684,-0.4434797,5.666827,-173.2315,2.448363,-0.1172827,-0.09874362,-0.9881775,9.042289,3,3,3
24.74,0.08135389,1.378075,-0.4406717,5.4963,-173.194,2.451276,-0.1179638,-0.09578147,-0.9883878,8.975355,3,3,3
24.76,0.0823555,1.376565,-0.4350462,5.09962,-173.1175,2.464172,-0.1193595,-0.08888769,-0.9888641,8.913567,3,3,3
24.78,0.08334576,1.375142,-0.4291995,4.773746,-173.0608,2.480721,-0.1203965,-0.08322123,-0.9892315,8.772523,3,3,3
24.8,0.08436778,1.37389,-0.4232309,4.503368,-172.9793,2.441243,-0.1218503,-0.07851771,-0.989438,8.665557,3,3,3
24.82,0.0852465,1.372658,-0.4171728,4.219595,-172.8727,2.399786,-0.1237378,-0.07357927,-0.9895834,8.619422,3,3,3
24.84,0.0864243,1.37144,-0.4110798,3.888439,-172.7325,2.29494,-0.1262117,-0.06781396,-0.9896827,8.600808,3,3,3
24.86,0.08700437,1.371009,-0.4080155,3.713965,-172.6636,2.242036,-0.1274263,-0.06477554,-0.9897308,8.610872,3,3,3
24.88,0.08832365,1.370438,-0.4019915,3.368359,-172.5282,2.134621,-0.1298136,-0.0587551,-0.9897961,8.618237,3,3,3
24.9,0.0897746,1.370136,-0.3962456,2.951299,-172.3531,2.034128,-0.1328904,-0.05148711,-0.9897925,8.646883,3,3,3
24.92,0.09124706,1.37014,-0.3906947,2.454124,-172.2122,1.905493,-0.1353812,-0.04281946,-0.9898679,8.715575,3,3,3
24.94,0.092003,1.37027,-0.3880191,2.19728,-172.1314,1.827477,-0.1368012,-0.03834037,-0.9898566,8.759908,3,3,3
24.96,0.09333493,1.370251,-0.3826885,1.722577,-171.9715,1.819166,-0.1396032,-0.03006011,-0.9897513,8.803392,3,3,3
24.98,0.09479477,1.370663,-0.3776518,1.349695,-171.8608,1.83184,-0.1415386,-0.02355444,-0.9896525,8.916189,3,3,3
25,0.09635054,1.371344,-0.373134,0.9569265,-171.7614,1.906898,-0.1432752,-0.01670074,-0.989542,9.012318,3,3,3
25.02,0.09764062,1.372248,-0.3690771,0.4713527,-171.6926,2.142968,-0.1444798,-0.008226563,-0.9894737,9.113782,3,3,3
25.04,0.09875152,1.37322,-0.3655106,-0.09634399,-171.6536,2.522405,-0.1451577,0.001681664,-0.9894072,9.203211,3,3,3
25.06,0.09928428,1.373665,-0.3639196,-0.4060364,-171.631,2.744055,-0.1455443,0.0070865,-0.9893265,9.295065,3,3,3
25.08,0.1002988,1.374513,-0.3608354,-0.9389343,-171.6351,3.195487,-0.145458,0.01638697,-0.9892286,9.360509,3,3,3
25.1,0.1009057,1.375018,-0.3578755,-1.327789,-171.6232,3.673678,-0.1456441,0.02317247,-0.9890656,9.453945,3,3,3
25.12,0.1013218,1.37521,-0.3550043,-1.529541,-171.5454,4.026631,-0.1469727,0.0266921,-0.9887803,9.554873,3,3,3
25.14,0.1014709,1.375083,-0.3521279,-1.528412,-171.3871,4.281042,-0.1497056,0.02667263,-0.9883708,9.685071,3,3,3
25.16,0.1015807,1.37512,-0.3507354,-1.504059,-171.2891,4.333696,-0.1513973,0.02624773,-0.9881245,9.843447,3,3,3
25.18,0.1015046,1.37501,-0.3481038,-1.493042,-171.1077,4.374208,-0.1545255,0.0260553,-0.9876453,9.935492,3,3,3
25.2,0.1013986,1.374791,-0.3454425,-1.491333,-170.9042,4.314673,-0.1580318,0.0260256,-0.9870912,10.11311,3,3,3
25.22,0.1013671,1.374278,-0.3426174,-1.384064,-170.7041,4.170482,-0.1614867,0.02415429,-0.9865794,10.31517,3,3,3
25.24,0.1013472,1.374134,-0.3412195,-1.310577,-170.6071,4.100549,-0.1631618,0.02287164,-0.9863341,10.49102,3,3,3
25.26,0.1014061,1.373706,-0.3384059,-1.221283,-170.4316,3.985074,-0.1661865,0.0213136,-0.985864,10.57218,3,3,3
25.28,0.1016161,1.373333,-0.3356154,-1.1604,-170.3196,3.900311,-0.1681182,0.02025159,-0.9855592,10.73075,3,3,3
25.3,0.1019971,1.372889,-0.3327708,-1.103516,-170.2514,3.790016,-0.1692945,0.01925853,-0.9853773,10.83349,3,3,3
25.32,0.1025217,1.372517,-0.3298526,-1.00116,-170.1669,3.639494,-0.1707533,0.01747278,-0.985159,10.89472,3,3,3
25.34,0.1029142,1.372364,-0.328357,-0.9675598,-170.1135,3.520548,-0.1716724,0.01688626,-0.9850095,10.96546,3,3,3
25.36,0.1037973,1.372135,-0.3253163,-0.9724731,-170.0255,3.269669,-0.1731857,0.01697211,-0.9847429,11.01642,3,3,3
25.38,0.1049201,1.372061,-0.3224134,-1.009521,-169.9376,2.967405,-0.1746938,0.0176185,-0.9844652,11.11294,3,3,3
25.4,0.1062229,1.371911,-0.3195341,-1.057526,-169.8626,2.7151,-0.1759795,0.01845606,-0.9842207,11.21638,3,3,3
25.42,0.1078087,1.371624,-0.3166821,-1.1297,-169.7742,2.45183,-0.1774928,0.01971552,-0.9839247,11.31019,3,3,3
25.44,0.1086035,1.371471,-0.3152868,-1.169891,-169.7286,2.332618,-0.1782747,0.02041703,-0.9837691,11.42408,3,3,3
25.46,0.1104328,1.371105,-0.3124592,-1.210022,-169.6087,2.114475,-0.1803304,0.02111726,-0.9833795,11.48347,3,3,3
25.48,0.1124733,1.37088,-0.3096675,-1.203308,-169.4635,1.868125,-0.1828212,0.02100018,-0.9829218,11.62525,3,3,3
25.5,0.1146643,1.370803,-0.3071467,-1.29425,-169.3273,1.786136,-0.1851512,0.02258707,-0.9824505,11.78497,3,3,3
25.52,0.1169106,1.370964,-0.3048792,-1.477173,-169.2795,1.873367,-0.1859562,0.02577854,-0.9822199,11.95485,3,3,3
25.54,0.1178167,1.371064,-0.3038158,-1.62796,-169.2909,2.054667,-0.185748,0.0284095,-0.9821869,12.0547,3,3,3
25.56,0.1195322,1.371246,-0.3018603,-1.945709,-169.2631,2.344667,-0.1861926,0.03395233,-0.9819266,12.08144,3,3,3
25.58,0.1210899,1.371262,-0.3002012,-2.235596,-169.1025,2.487816,-0.1889089,0.03900839,-0.9812197,12.19401,3,3,3
25.6,0.1224457,1.371343,-0.2986498,-2.450531,-168.9275,2.594291,-0.1918761,0.04275697,-0.9804875,12.43719,3,3,3
25.62,0.1235286,1.371408,-0.2974054,-2.618011,-168.7801,2.757944,-0.1943721,0.04567685,-0.9798638,12.67694,3,3,3
25.64,0.1239679,1.371327,-0.2970467,-2.700836,-168.7245,2.91326,-0.1953101,0.04712129,-0.9796088,12.8761,3,3,3
25.66,0.1246726,1.371458,-0.2965888,-2.892517,-168.6583,3.221243,-0.1964091,0.05046244,-0.9792227,12.95759,3,3,3
25.68,0.1248216,1.371617,-0.2963263,-3.047241,-168.5825,3.495363,-0.1976764,0.05315921,-0.978825,13.08336,3,3,3
25.7,0.1247754,1.371754,-0.2965612,-3.123505,-168.4748,3.631743,-0.1995016,0.05448824,-0.9783814,13.20523,3,3,3
25.72,0.1247715,1.371712,-0.2965345,-3.132904,-168.3472,3.728176,-0.2016781,0.05465224,-0.9779259,13.33319,3,3,3
25.74,0.1243628,1.371665,-0.2968926,-3.07901,-168.2543,3.7947,-0.2032751,0.05371317,-0.9776472,13.46049,3,3,3
25.76,0.1228888,1.371476,-0.2985108,-2.992432,-168.1134,3.656488,-0.2056945,0.05220431,-0.9772229,13.53192,3,3,3
25.78,0.1215433,1.371066,-0.2998833,-2.857239,-167.9294,3.580843,-0.2088572,0.04984747,-0.9766749,13.63389,3,3,3
25.8,0.1202038,1.370774,-0.3015983,-2.719666,-167.7128,3.363639,-0.2125721,0.04744946,-0.9759927,13.76685,3,3,3
25.82,0.1186946,1.370349,-0.3033366,-2.566345,-167.5188,3.246606,-0.2159024,0.04477635,-0.9753878,13.93343,3,3,3
25.84,0.117933,1.370047,-0.3041242,-2.446991,-167.435,3.207863,-0.2173484,0.04269513,-0.9751599,14.07528,3,3,3
25.86,0.1165337,1.369309,-0.3056089,-2.057831,-167.2589,3.102002,-0.2204041,0.0359082,-0.9747475,14.1237,3,3,3
25.88,0.1152803,1.368499,-0.3069489,-1.55603,-167.0527,2.974473,-0.2239728,0.02715432,-0.974217,14.2007,3,3,3
25.9,0.1140645,1.367886,-0.3082792,-1.142273,-166.8661,2.90284,-0.2271828,0.01993499,-0.9736481,14.30076,3,3,3
25.92,0.1129537,1.367245,-0.3094622,-0.8267517,-166.7264,2.883042,-0.229577,0.01442924,-0.9731838,14.41356,3,3,3
25.94,0.1125282,1.366803,-0.3099765,-0.6713867,-166.6483,2.889757,-0.2309122,0.01171783,-0.9729041,14.50472,3,3,3
25.96,0.1117214,1.365908,-0.3108686,-0.3057861,-166.5284,2.877642,-0.2329595,0.005336894,-0.9724721,14.56286,3,3,3
25.98,0.1109529,1.364973,-0.3116855,0.0353679,-166.4295,2.879259,-0.2346419,-0.0006172862,-0.9720816,14.64276,3,3,3
26,0.1103677,1.364199,-0.3122942,0.3004213,-166.3754,2.919217,-0.2355571,-0.005243316,-0.9718465,14.71267,3,3,3
26.02,0.1099186,1.363725,-0.312778,0.4609799,-166.3943,2.893522,-0.2352312,-0.00804553,-0.9719062,14.74938,3,3,3
26.04,0.1097195,1.363478,-0.3130646,0.5174634,-166.4062,2.864041,-0.2350271,-0.009031318,-0.971947,14.72032,3,3,3
26.06,0.1093132,1.363023,-0.3136405,0.5965826,-166.437,2.765039,-0.234501,-0.01041214,-0.9720604,14.70484,3,3,3
26.08,0.1090448,1.362672,-0.3141831,0.6866362,-166.4526,2.665093,-0.2342325,-0.01198378,-0.9721069,14.66813,3,3,3
26.1,0.1087922,1.36253,-0.3147544,0.7504931,-166.4791,2.526099,-0.2337798,-0.0130982,-0.9722017,14.64815,3,3,3
26.12,0.1085941,1.362436,-0.315036,0.7396938,-166.4841,2.443789,-0.2336954,-0.01290973,-0.9722242,14.61802,3,3,3
26.14,0.1082649,1.362301,-0.315626,0.7633159,-166.4753,2.31094,-0.233844,-0.01332198,-0.9721832,14.61167,3,3,3
26.16,0.1078825,1.361999,-0.3162364,0.7620466,-166.4311,2.207299,-0.2345937,-0.01329983,-0.9720024,14.61792,3,3,3
26.18,0.1075791,1.361813,-0.3168875,0.8389898,-166.3938,2.161639,-0.2352214,-0.01464261,-0.9718317,14.66044,3,3,3
26.2,0.107428,1.361589,-0.3175867,0.9003448,-166.364,2.133976,-0.2357242,-0.01571333,-0.971693,14.69538,3,3,3
26.22,0.1073099,1.361487,-0.3179252,0.9321818,-166.3586,2.125602,-0.2358139,-0.01626892,-0.9716623,14.72433,3,3,3
26.24,0.1071164,1.361254,-0.3187028,0.9949009,-166.3189,2.121016,-0.2364826,-0.01736343,-0.9714805,14.72881,3,3,3
26.26,0.1067937,1.360971,-0.3194538,1.056752,-166.2691,2.145551,-0.2373207,-0.01844275,-0.9712562,14.76788,3,3,3
26.28,0.1065025,1.36066,-0.3202279,1.152227,-166.1745,2.201944,-0.2389171,-0.02010879,-0.9708318,14.81654,3,3,3
26.3,0.1061443,1.360414,-0.3210356,1.247704,-166.0679,2.258037,-0.2407151,-0.02177482,-0.9703516,14.91201,3,3,3
26.32,0.105907,1.360279,-0.3214139,1.281803,-165.9836,2.283728,-0.2421389,-0.0223698,-0.9699836,15.01982,3,3,3
26.34,0.1053984,1.359939,-0.3222272,1.337855,-165.7753,2.351111,-0.2456581,-0.02334785,-0.9690752,15.10495,3,3,3
26.36,0.1048693,1.359594,-0.3229581,1.423252,-165.5687,2.434981,-0.2491428,-0.02483788,-0.9681483,15.31551,3,3,3
26.38,0.1041841,1.359376,-0.3236717,1.461647,-165.2934,2.51151,-0.2537866,-0.02550779,-0.9669238,15.52521,3,3,3
26.4,0.1034658,1.35904,-0.3243281,1.507812,-164.9528,2.580216,-0.2595243,-0.02631325,-0.965378,15.8029,3,3,3
26.42,0.1031199,1.358905,-0.3245869,1.556757,-164.7711,2.590176,-0.2625789,-0.02716719,-0.9645281,16.14745,3,3,3
26.44,0.1023985,1.358616,-0.3251044,1.667223,-164.4237,2.650545,-0.2684072,-0.02909443,-0.9628662,16.33242,3,3,3
26.46,0.1016658,1.358333,-0.3255884,1.762715,-164.1007,2.755261,-0.2738185,-0.03076033,-0.9612893,16.68647,3,3,3
26.48,0.1009683,1.358222,-0.3260764,1.832136,-163.8095,2.763545,-0.2786893,-0.03197135,-0.9598489,17.01544,3,3,3
26.5,0.100357,1.358228,-0.3264866,1.862234,-163.4674,2.664178,-0.2844109,-0.0324964,-0.9581517,17.31118,3,3,3
26.52,0.1000479,1.358232,-0.3266541,1.864415,-163.2946,2.615761,-0.2872983,-0.03253444,-0.9572886,17.65786,3,3,3
26.54,0.09952355,1.358201,-0.326847,1.887194,-162.984,2.604219,-0.2924795,-0.0329318,-0.9557046,17.83231,3,3,3
26.56,0.09907973,1.358093,-0.3268929,1.922062,-162.7752,2.627869,-0.2959555,-0.03354001,-0.9546129,18.14699,3,3,3
26.58,0.09877846,1.357976,-0.3269759,1.952313,-162.6005,2.61307,-0.2988587,-0.03406769,-0.9536892,18.35888,3,3,3
26.6,0.09844619,1.357926,-0.3271143,1.924761,-162.5025,2.544106,-0.3004953,-0.03358711,-0.9531918,18.53664,3,3,3
26.62,0.09841296,1.357924,-0.3271205,1.876361,-162.4879,2.521086,-0.300745,-0.03274281,-0.9531423,18.63309,3,3,3
26.64,0.09853012,1.357978,-0.3271291,1.789862,-162.5453,2.425282,-0.2998059,-0.03123391,-0.9534889,18.64536,3,3,3
26.66,0.09888991,1.358035,-0.327089,1.764337,-162.7534,2.38907,-0.296345,-0.03078862,-0.9545846,18.58386,3,3,3
26.68,0.09953438,1.358102,-0.327059,1.742225,-163.1617,2.282695,-0.2895372,-0.03040287,-0.9566839,18.37269,3,3,3
26.7,0.1003636,1.358119,-0.3270676,1.739025,-163.4494,2.213805,-0.2847301,-0.03034705,-0.9581273,17.95898,3,3,3
26.72,0.1014132,1.358168,-0.3271202,1.758355,-164.0253,2.045998,-0.2750831,-0.03068427,-0.9609308,17.67061,3,3,3
26.74,0.1026034,1.35819,-0.3272454,1.736029,-164.7486,1.851177,-0.2629343,-0.03029478,-0.9643382,17.09023,3,3,3
26.76,0.1039066,1.358217,-0.3273842,1.715287,-165.54,1.632594,-0.2495921,-0.02993293,-0.9678884,16.35834,3,3,3
26.78,0.1052919,1.358208,-0.3275524,1.703821,-166.3468,1.466373,-0.2359407,-0.02973291,-0.9713126,15.5576,3,3,3
26.8,0.1067319,1.358221,-0.3277759,1.645789,-167.2301,1.354523,-0.2209455,-0.02872049,-0.9748633,14.74212,3,3,3
26.82,0.1074225,1.358261,-0.3279146,1.600138,-167.6796,1.290414,-0.2132953,-0.02792405,-0.976589,13.84648,3,3,3
26.84,0.1088352,1.358256,-0.3282833,1.483661,-168.5281,1.143995,-0.1988203,-0.02589187,-0.979694,13.38959,3,3,3
26.86,0.1103042,1.358316,-0.3287752,1.401905,-169.3394,1.011807,-0.1849355,-0.02446541,-0.9824462,12.5267,3,3,3
26.88,0.1115823,1.358219,-0.3292907,1.373505,-170.172,0.977142,-0.1706426,-0.0239699,-0.9850415,11.70393,3,3,3
26.9,0.1121618,1.358132,-0.3295955,1.366029,-170.5886,0.9612765,-0.1634756,-0.02383944,-0.9862592,10.85991,3,3,3
26.92,0.113304,1.358042,-0.3303062,1.359949,-171.3264,0.9473159,-0.1507622,-0.02373336,-0.9882851,10.43735,3,3,3
26.94,0.1143447,1.358041,-0.3311206,1.293084,-172.0446,0.925982,-0.1383677,-0.02256666,-0.9901239,9.690125,3,3,3
26.96,0.1152469,1.357878,-0.3319423,1.267451,-172.7301,0.8794659,-0.1265122,-0.02211939,-0.9917185,8.959997,3,3,3
26.98,0.1161023,1.357808,-0.3327895,1.306913,-173.341,0.8333601,-0.1159303,-0.02280795,-0.9929954,8.263604,3,3,3
27,0.1164468,1.357682,-0.3332744,1.29023,-173.6215,0.8431887,-0.1110674,-0.02251685,-0.9935578,7.646011,3,3,3
27.02,0.1170931,1.35753,-0.3343215,1.289746,-174.1626,0.8738792,-0.1016802,-0.02250841,-0.9945624,7.360528,3,3,3
27.04,0.1175805,1.357239,-0.3352635,1.331615,-174.6895,0.9066448,-0.09252837,-0.02323897,-0.9954389,6.811349,3,3,3
27.06,0.1180061,1.356962,-0.3361576,1.416254,-175.113,0.9081925,-0.08516528,-0.02471578,-0.9960603,6.277729,3,3,3
27.08,0.118124,1.356759,-0.3370308,1.468772,-175.4931,0.9187742,-0.07855321,-0.0256321,-0.9965804,5.853371,3,3,3
27.1,0.1181449,1.356654,-0.337508,1.481998,-175.654,0.9374143,-0.07575345,-0.02586287,-0.9967912,5.47049,3,3,3
27.12,0.1181732,1.356357,-0.338483,1.526017,-175.908,0.9970282,-0.07133317,-0.02663087,-0.997097,5.307586,3,3,3
27.14,0.118055,1.356125,-0.3395461,1.554999,-176.144,1.017449,-0.06722522,-0.02713653,-0.9973686,5.053383,3,3,3
27.16,0.1178164,1.355903,-0.3405904,1.597169,-176.3219,1.023391,-0.06412657,-0.02787224,-0.9975525,4.815563,3,3,3
27.18,0.1175625,1.355653,-0.3415663,1.650222,-176.4733,1.027006,-0.06148829,-0.02879782,-0.9976926,4.638359,3,3,3
27.2,0.1173794,1.355543,-0.3420403,1.689088,-176.5537,1.026444,-0.06008676,-0.02947588,-0.997758,4.490302,3,3,3
27.22,0.1168648,1.355186,-0.3430599,1.743564,-176.6552,1.045651,-0.05831687,-0.03042623,-0.9978346,4.413751,3,3,3
27.24,0.1163548,1.354871,-0.3440953,1.796212,-176.7736,1.044997,-0.05625423,-0.03134467,-0.9979247,4.316519,3,3,3
27.26,0.1157128,1.354606,-0.3452162,1.856325,-176.8643,1.076824,-0.0546717,-0.03239331,-0.997979,4.203468,3,3,3
27.28,0.115021,1.354385,-0.3465651,1.922153,-176.931,1.106415,-0.05350761,-0.03354161,-0.9980039,4.120035,3,3,3
27.3,0.114675,1.35424,-0.3472461,1.948957,-176.9652,1.121258,-0.05291183,-0.03400916,-0.9980199,4.063318,3,3,3
27.32,0.1139497,1.353972,-0.3486997,2.007794,-177.0593,1.16173,-0.05127045,-0.03503544,-0.99807,4.033132,3,3,3
27.34,0.1130109,1.353755,-0.3503975,2.128576,-177.1747,1.258746,-0.04925659,-0.03714211,-0.9980953,3.94928,3,3,3
27.36,0.1119827,1.353895,-0.3526236,2.17395,-177.2815,1.297524,-0.04739415,-0.03793348,-0.9981559,3.863459,3,3,3
27.38,0.1110278,1.354253,-0.3552847,2.123381,-177.3649,1.336062,-0.04594309,-0.03705151,-0.9982568,3.767072,3,3,3
27.4,0.1104539,1.354404,-0.3567488,2.074087,-177.4227,1.37023,-0.0449377,-0.03619175,-0.998334,3.663938,3,3,3
27.42,0.109323,1.354564,-0.3599221,2.013496,-177.5282,1.41183,-0.04310196,-0.0351349,-0.9984527,3.588451,3,3,3
27.44,0.1081286,1.354923,-0.3634343,1.982267,-177.6279,1.507291,-0.04136432,-0.03459018,-0.9985453,3.459325,3,3,3
27.46,0.1068955,1.355748,-0.3672812,1.962275,-177.8097,1.708341,-0.03819642,-0.03424147,-0.9986836,3.344802,3,3,3
27.48,0.1055359,1.356679,-0.3713541,1.937742,-178.0555,1.90108,-0.03391264,-0.03381353,-0.9988527,3.154984,3,3,3
27.5,0.1047948,1.357009,-0.373534,1.893178,-178.1824,1.965957,-0.03170054,-0.03303618,-0.9989513,2.901848,3,3,3
27.52,0.1033557,1.357744,-0.3779678,1.828328,-178.3893,2.065145,-0.02809364,-0.03190494,-0.999096,2.759815,3,3,3
27.54,0.1019676,1.358651,-0.382446,1.840637,-178.6746,2.18353,-0.02311853,-0.03211965,-0.9992166,2.530026,3,3,3
27.56,0.100483,1.359515,-0.3870941,1.866216,-179.0468,2.241474,-0.01662631,-0.03256585,-0.9993312,2.256547,3,3,3
27.58,0.09896415,1.360607,-0.3917935,1.871562,-179.3698,2.195529,-0.01099304,-0.03265912,-0.9994062,1.918875,3,3,3
27.6,0.09828028,1.361365,-0.3941289,1.836993,-179.524,2.207478,-0.008304242,-0.03205608,-0.9994517,1.63614,3,3,3
27.62,0.0967695,1.362781,-0.3987795,1.696545,-179.952,2.260408,-0.0008378456,-0.02960596,-0.9995613,1.487537,3,3,3
27.64,0.09525857,1.363995,-0.4034985,1.550241,179.6165,2.257074,0.006690932,-0.02705351,-0.9996116,1.064408,3,3,3
27.66,0.09364368,1.365179,-0.4081792,1.506321,179.3433,2.10058,0.01145774,-0.02628724,-0.9995888,0.6937978,3,3,3
27.68,0.09201448,1.366753,-0.4128749,1.458154,179.1602,2.010312,0.01465267,-0.02544685,-0.9995689,0.6019843,3,3,3
27.7,0.09125823,1.367465,-0.4152437,1.392982,179.0441,2.020868,0.01667706,-0.02430973,-0.9995658,0.6042554,3,3,3
27.72,0.08971414,1.368786,-0.4200177,1.252684,178.7916,1.963364,0.021084,-0.02186172,-0.999539,0.607807,3,3,3
27.74,0.08799852,1.370016,-0.4247108,1.185272,178.6444,1.863979,0.02365166,-0.02068542,-0.9995062,0.7149112,3,3,3
27.76,0.08628432,1.371317,-0.4293688,1.158785,178.5579,1.796626,0.025162,-0.02022324,-0.9994789,0.8346253,3,3,3
27.78,0.0847857,1.37251,-0.4341689,1.082678,178.472,1.78025,0.02666011,-0.01889517,-0.9994661,0.9234449,3,3,3
27.8,0.08406104,1.37306,-0.4365391,1.053209,178.4107,1.781197,0.0277302,-0.01838094,-0.9994464,0.9999508,3,3,3
27.82,0.08265695,1.373885,-0.4411856,1.01467,178.2779,1.79587,0.03004679,-0.01770841,-0.9993916,1.06091,3,3,3
27.84,0.08187941,1.374219,-0.4435321,1.023046,178.2287,1.787606,0.03090476,-0.01785457,-0.999363,1.200404,3,3,3
27.86,0.07969221,1.375126,-0.4505962,1.013173,178.126,1.778822,0.03269687,-0.01768229,-0.9993088,1.257099,3,3,3
27.88,0.07817461,1.375665,-0.4550667,1.047356,178.1296,1.71586,0.03263408,-0.01827879,-0.9993005,1.376293,3,3,3
27.9,0.0774757,1.37591,-0.4573109,1.09125,178.1521,1.657475,0.03224029,-0.01904475,-0.9992986,1.388749,3,3,3
27.92,0.07613032,1.376261,-0.461816,1.169129,178.1924,1.568396,0.03153611,-0.02040374,-0.9992944,1.378992,3,3,3
27.94,0.07480089,1.376414,-0.466245,1.223964,178.2189,1.47287,0.03107342,-0.02136058,-0.999289,1.365874,3,3,3
27.96,0.07341912,1.3766,-0.4704733,1.296762,178.3014,1.336901,0.02963356,-0.02263083,-0.999305,1.36444,3,3,3
27.98,0.07274362,1.376595,-0.4724115,1.385536,178.3823,1.23666,0.02822223,-0.0241798,-0.9993091,1.318637,3,3,3
28,0.07141545,1.376516,-0.4759897,1.626519,178.5406,1.063881,0.02545823,-0.02838429,-0.9992728,1.283594,3,3,3
28.02,0.07010958,1.376491,-0.4793733,1.803457,178.6438,0.999956,0.02365701,-0.03147107,-0.9992248,1.287704,3,3,3
28.04,0.06891948,1.376395,-0.4825336,1.93696,178.7292,0.8929173,0.02216506,-0.03379988,-0.9991828,1.342172,3,3,3
28.06,0.06779538,1.376185,-0.4853767,2.081989,178.8698,0.7363905,0.01971099,-0.03632957,-0.9991456,1.397878,3,3,3
28.08,0.06723227,1.37605,-0.4866476,2.157255,178.9487,0.7057112,0.01833438,-0.03764231,-0.999123,1.449964,3,3,3
28.1,0.06621637,1.375882,-0.4889877,2.310896,179.0372,0.6823895,0.01679016,-0.04032181,-0.9990456,1.483981,3,3,3
28.12,0.06533074,1.37568,-0.4911221,2.460213,179.0437,0.714334,0.01667418,-0.04292563,-0.9989391,1.598509,3,3,3
28.14,0.06440368,1.375519,-0.4930519,2.639646,179.01,0.7256925,0.01725986,-0.04605421,-0.99879,1.742374,3,3,3
28.16,0.06359708,1.375504,-0.4948628,2.770255,178.9905,0.6775674,0.01759798,-0.04833123,-0.9986762,1.929047,3,3,3
28.18,0.06326658,1.375509,-0.4956791,2.796439,178.9516,0.6850789,0.01827508,-0.04878769,-0.9986421,2.064596,3,3,3
28.2,0.0626027,1.375412,-0.4972188,2.812132,178.8133,0.7007421,0.02068601,-0.04906126,-0.9985819,2.102731,3,3,3
28.22,0.0619186,1.375134,-0.4985796,2.854733,178.6307,0.7062898,0.02386669,-0.04980387,-0.9984738,2.166002,3,3,3
28.24,0.06124056,1.37491,-0.4997849,2.959392,178.4804,0.6687229,0.02648299,-0.05162817,-0.9983152,2.280189,3,3,3
28.26,0.06045433,1.374757,-0.500919,3.010206,178.321,0.6635776,0.02926028,-0.05251385,-0.9981915,2.445286,3,3,3
28.28,0.06004247,1.374671,-0.5014864,3.014909,178.2419,0.6344365,0.03063782,-0.05259581,-0.9981458,2.57192,3,3,3
28.3,0.05916906,1.374337,-0.5025253,3.049191,178.0919,0.5518794,0.03324999,-0.0531933,-0.9980308,2.619054,3,3,3
28.32,0.05832265,1.373915,-0.5033827,3.158202,177.977,0.4498804,0.03524679,-0.0550931,-0.9978589,2.733876,3,3,3
28.34,0.05744198,1.373603,-0.5042381,3.272179,177.8468,0.3719619,0.03751118,-0.05707925,-0.9976647,2.893471,3,3,3
28.36,0.0565441,1.373151,-0.5050788,3.30006,177.7096,0.3293821,0.03989793,-0.05756507,-0.9975442,3.067905,3,3,3
28.38,0.05606838,1.372954,-0.5053986,3.354435,177.6457,0.2774093,0.04100826,-0.0585125,-0.9974442,3.176443,3,3,3
28.4,0.0551639,1.372781,-0.5061445,3.441799,177.5837,0.1615083,0.04208391,-0.0600346,-0.9973087,3.261708,3,3,3
28.42,0.05424014,1.37256,-0.5068504,3.498356,177.5257,0.05088067,0.04309174,-0.0610199,-0.997206,3.374174,3,3,3
28.44,0.05338763,1.372265,-0.5073969,3.612124,177.4483,-0.04589844,0.04443261,-0.0630017,-0.9970239,3.459212,3,3,3
28.46,0.05261052,1.371962,-0.5079004,3.756881,177.4095,-0.1323547,0.04510089,-0.06552296,-0.9968314,3.60174,3,3,3
28.48,0.05223258,1.371865,-0.5081326,3.812916,177.3861,-0.1921387,0.04550435,-0.06649882,-0.9967483,3.744654,3,3,3
28.5,0.05152516,1.371585,-0.5086506,3.880352,177.3711,-0.2887573,0.04576184,-0.06767317,-0.9966575,3.8056,3,3,3
28.52,0.05088881,1.371293,-0.5090897,3.957014,177.3997,-0.4017639,0.04526091,-0.06900803,-0.9965892,3.871358,3,3,3
28.54,0.05018475,1.37098,-0.5094774,4.069708,177.4353,-0.5128174,0.04463492,-0.0709701,-0.9964793,3.917817,3,3,3
28.56,0.04966168,1.370713,-0.5098221,4.211031,177.4724,-0.5926819,0.04398233,-0.07343021,-0.9963301,3.991794,3,3,3
28.58,0.04947145,1.370559,-0.509979,4.27957,177.4907,-0.6444397,0.04365917,-0.07462315,-0.9962558,4.090984,3,3,3
28.6,0.04907666,1.370044,-0.510239,4.41902,177.548,-0.7338562,0.0426545,-0.07705,-0.9961146,4.139478,3,3,3
28.62,0.04881348,1.369699,-0.5104016,4.587027,177.6257,-0.8043823,0.04129541,-0.07997323,-0.9959413,4.228507,3,3,3
28.64,0.0485872,1.369538,-0.5105131,4.688887,177.6737,-0.8478088,0.04045431,-0.08174521,-0.9958318,4.337025,3,3,3
28.66,0.04836094,1.369271,-0.5107334,4.768124,177.7353,-0.8991394,0.03938007,-0.08312344,-0.9957609,4.405356,3,3,3
28.68,0.04834282,1.369194,-0.5107816,4.807903,177.7734,-0.9313049,0.03871453,-0.0838153,-0.9957293,4.448054,3,3,3
28.7,0.04836996,1.368973,-0.5108069,4.918344,177.8435,-0.9788208,0.03748991,-0.08573591,-0.9956126,4.466992,3,3,3
28.72,0.04851504,1.368777,-0.510754,5.01885,177.8862,-1.019379,0.03674311,-0.08748348,-0.9954882,4.537514,3,3,3
28.74,0.04876246,1.368521,-0.5107247,5.131437,177.9238,-1.068909,0.03608273,-0.08944079,-0.9953387,4.612313,3,3,3
28.76,0.04891732,1.368368,-0.5107023,5.191562,177.9441,-1.088501,0.03572685,-0.09048592,-0.9952568,4.701239,3,3,3
28.78,0.04923299,1.368103,-0.5106294,5.313122,177.9882,-1.133942,0.03495434,-0.09259863,-0.9950899,4.749121,3,3,3
28.8,0.04960149,1.367893,-0.5105712,5.464753,178.0339,-1.207916,0.03415265,-0.09523339,-0.9948689,4.846261,3,3,3
28.82,0.05018745,1.367493,-0.5103621,5.709278,178.0288,-1.208893,0.03422678,-0.09948085,-0.9944506,4.973545,3,3,3
28.84,0.05078067,1.367273,-0.5102336,5.893061,177.9783,-1.174103,0.03509176,-0.1026721,-0.9940962,5.207819,3,3,3
28.86,0.05112849,1.367188,-0.5102468,5.929806,177.9589,-1.164276,0.03542616,-0.10331,-0.9940183,5.399786,3,3,3
28.88,0.05181478,1.367007,-0.5102564,5.999536,177.9119,-1.129913,0.03623696,-0.1045204,-0.9938625,5.440461,3,3,3
28.9,0.05255459,1.366804,-0.5101982,6.079635,177.8397,-1.096893,0.03748287,-0.1059106,-0.9936691,5.5207,3,3,3
28.92,0.05325973,1.366619,-0.5101166,6.162556,177.7451,-1.044678,0.03911752,-0.1073496,-0.9934514,5.619252,3,3,3
28.94,0.05393904,1.36656,-0.5100853,6.245638,177.6779,-1.027802,0.04027597,-0.1087912,-0.9932485,5.728716,3,3,3
28.96,0.05430061,1.366528,-0.5101306,6.267107,177.6645,-1.025665,0.04050697,-0.1091637,-0.9931985,5.830018,3,3,3
28.98,0.05498776,1.366251,-0.51009,6.34456,177.6219,-1.01236,0.04123931,-0.1105073,-0.9930193,5.854342,3,3,3
29,0.05565507,1.365856,-0.5099605,6.49169,177.5989,-0.9750671,0.04162626,-0.1130591,-0.992716,5.940329,3,3,3
29.02,0.05625446,1.365717,-0.5098994,6.610928,177.5622,-0.8814392,0.04225162,-0.1151266,-0.992452,6.085697,3,4,4
29.04,0.05693385,1.365607,-0.5098282,6.637503,177.522,-0.7962036,0.04294551,-0.1155873,-0.9923685,6.210851,3,4,4
29.06,0.0572309,1.365517,-0.5097847,6.658473,177.5104,-0.7709656,0.04314464,-0.1159509,-0.9923174,6.248115,3,4,4
29.08,0.05783442,1.365471,-0.5097627,6.702401,177.5214,-0.7338562,0.04295022,-0.1167124,-0.992237,6.271042,3,4,4
29.1,0.05836313,1.365439,-0.5096093,6.754609,177.4973,-0.66922,0.04336432,-0.1176173,-0.9921119,6.307765,3,4,4
29.12,0.05890583,1.365301,-0.5094628,6.840661,177.4675,-0.598938,0.04387113,-0.1191086,-0.9919116,6.364948,3,4,4
29.14,0.05935012,1.365097,-0.5092964,6.931171,177.453,-0.5735474,0.04411479,-0.1206769,-0.9917112,6.455885,3,4,4
29.16,0.05958352,1.365049,-0.5092578,6.951615,177.4766,-0.5679932,0.04370387,-0.1210311,-0.9916863,6.545774,3,4,4
29.18,0.05995455,1.364924,-0.5091046,6.95037,177.5026,-0.5231323,0.04325327,-0.1210096,-0.9917086,6.55661,3,4,4
29.2,0.06026411,1.364743,-0.5089713,6.952826,177.5291,-0.4668274,0.04279517,-0.1210521,-0.9917232,6.544965,3,4,4
29.22,0.06062286,1.364659,-0.508773,7.021516,177.5722,-0.4408875,0.04204329,-0.122242,-0.9916094,6.53678,3,4,4
29.24,0.06085907,1.364477,-0.5086008,7.064454,177.6406,-0.4291382,0.0408549,-0.1229858,-0.9915673,6.588029,3,4,4
29.26,0.06095553,1.364402,-0.5085175,7.071052,177.664,-0.4226685,0.04044905,-0.1231001,-0.9915697,6.606696,3,4,4
29.28,0.06110397,1.364152,-0.5083852,7.154243,177.7375,-0.3822021,0.03917081,-0.1245409,-0.9914411,6.605241,3,4,4
29.3,0.06122963,1.363942,-0.5081875,7.241235,177.7728,-0.3362122,0.03855149,-0.1260472,-0.9912749,6.662943,3,4,4
29.32,0.06135094,1.363855,-0.5080187,7.247137,177.8504,-0.3249512,0.03720827,-0.1261494,-0.9913133,6.736767,3,4,4
29.34,0.06142611,1.363854,-0.5078686,7.268229,177.9096,-0.2944031,0.03618397,-0.1265146,-0.9913048,6.720445,3,4,4
29.36,0.06147969,1.363846,-0.5077826,7.303574,177.9155,-0.2749023,0.03607747,-0.1271265,-0.9912303,6.725462,3,4,4
29.38,0.06161198,1.363723,-0.5075917,7.377507,177.9374,-0.2347412,0.03569359,-0.1284063,-0.9910792,6.75874,3,4,4
29.4,0.06173585,1.363545,-0.5074354,7.431256,177.9658,-0.2258606,0.03519739,-0.1293366,-0.990976,6.825358,3,4,4
29.42,0.06185117,1.363362,-0.507338,7.465223,177.995,-0.2346802,0.03469063,-0.1299244,-0.9909168,6.870298,3,4,4
29.44,0.06193112,1.36317,-0.5072388,7.535449,178.0266,-0.240387,0.03413763,-0.1311396,-0.9907761,6.895574,3,4,4
29.46,0.06195831,1.363038,-0.5072014,7.564984,178.0509,-0.2451477,0.03371622,-0.1316506,-0.9907227,6.956576,3,4,4
29.48,0.06196325,1.362878,-0.5071468,7.637216,178.069,-0.253479,0.03339789,-0.1329002,-0.9905667,6.979463,3,4,4
29.5,0.06197429,1.362762,-0.5071104,7.665086,178.1016,-0.2775574,0.03283211,-0.1333823,-0.9905207,7.046453,3,4,4
29.52,0.06198379,1.362666,-0.5071123,7.679174,178.1207,-0.3102722,0.03249914,-0.133626,-0.9904988,7.066275,3,4,4
29.54,0.06195524,1.362577,-0.5071254,7.683678,178.1716,-0.3245544,0.03162029,-0.1337039,-0.9905168,7.075513,3,4,4
29.56,0.06190786,1.362617,-0.5071401,7.652019,178.1826,-0.3233643,0.03143188,-0.1331563,-0.9905967,7.068717,3,4,4
29.58,0.06186846,1.362615,-0.50714,7.648196,178.228,-0.3197021,0.0306476,-0.1330901,-0.9906303,7.03503,3,4,4
29.6,0.0618087,1.362628,-0.5071602,7.657111,178.2412,-0.3352051,0.03041798,-0.1332443,-0.9906164,7.021996,3,4,4
29.62,0.06172495,1.362568,-0.5071623,7.695401,178.2672,-0.3537292,0.02996583,-0.1339066,-0.9905409,7.028474,3,4,4
29.64,0.06165916,1.362527,-0.5071474,7.710737,178.2819,-0.3800659,0.02971119,-0.1341719,-0.9905126,7.061498,3,4,4
29.66,0.06147378,1.3625,-0.5071295,7.698458,178.3195,-0.410553,0.02906197,-0.1339595,-0.9905606,7.07396,3,4,4
29.68,0.061225,1.362447,-0.5071146,7.689005,178.3841,-0.4643555,0.0279452,-0.133796,-0.9906149,7.054494,3,4,4
29.7,0.06093379,1.362321,-0.5070933,7.709349,178.4467,-0.486969,0.02686134,-0.1341479,-0.9905974,7.033134,3,4,4
29.72,0.06066384,1.362228,-0.5070747,7.738162,178.5171,-0.5237122,0.02564255,-0.1346462,-0.990562,7.042248,3,4,4
29.74,0.06052973,1.362199,-0.5070929,7.740699,178.5496,-0.52771,0.02508134,-0.1346901,-0.9905704,7.059497,3,4,4
29.76,0.06022833,1.362127,-0.5071405,7.740317,178.6147,-0.5315857,0.02395524,-0.1346835,-0.9905993,7.056996,3,4,4
29.78,0.05993184,1.361936,-0.5071666,7.793375,178.6842,-0.5459595,0.02275172,-0.135601,-0.9905024,7.046676,3,4,4
29.8,0.05960432,1.361855,-0.5071869,7.823432,178.7256,-0.6018982,0.02203413,-0.1361207,-0.9904473,7.089777,3,4,4
29.82,0.05930752,1.36184,-0.5072294,7.867561,178.7708,-0.6520081,0.02125026,-0.1368837,-0.9903591,7.114609,3,4,4
29.84,0.05905607,1.361787,-0.5072646,7.931483,178.8137,-0.68573,0.02050523,-0.1379888,-0.9902216,7.153986,3,4,4
29.86,0.05893004,1.36175,-0.5072699,7.955067,178.8371,-0.6958923,0.0201006,-0.1383965,-0.9901731,7.213792,3,4,4
29.88,0.05869697,1.361681,-0.5072907,7.979912,178.9044,-0.7298584,0.01893471,-0.1388259,-0.9901358,7.235055,3,4,4
29.9,0.05847521,1.36162,-0.5073256,7.996122,178.9482,-0.7451782,0.0181787,-0.1391061,-0.9901108,7.252876,3,4,4
29.92,0.05826066,1.361508,-0.5073699,7.993928,179.0024,-0.7741089,0.01724123,-0.1390682,-0.9901327,7.264931,3,4,4
29.94,0.05811957,1.361475,-0.5073916,7.987254,179.0155,-0.7962036,0.01701508,-0.1389528,-0.990153,7.257122,3,4,4
29.96,0.05786634,1.361378,-0.5074428,8.025188,179.0703,-0.8304138,0.01606753,-0.1396084,-0.9900765,7.249088,3,4,4
29.98,0.05768727,1.36124,-0.5075071,8.090163,179.1189,-0.857605,0.01522555,-0.1407313,-0.9899307,7.282787,3,4,4
30,0.05752033,1.361119,-0.507558,8.138796,179.1564,-0.8760071,0.01457549,-0.1415715,-0.9898207,7.344729,3,4,4
30.02,0.05737273,1.36111,-0.5076506,8.159785,179.2093,-0.8816223,0.01366062,-0.1419342,-0.9897818,7.391093,3,4,4
30.04,0.05728737,1.361091,-0.5077118,8.16771,179.2406,-0.9107971,0.01311932,-0.1420711,-0.9897695,7.409441,3,4,4
30.06,0.05712963,1.361023,-0.5078306,8.213465,179.3032,-0.9384155,0.01203621,-0.1428615,-0.9896696,7.415715,3,4,4
30.08,0.05696222,1.360902,-0.5078833,8.281075,179.3438,-0.9518738,0.01133366,-0.1440293,-0.9895086,7.459088,3,4,4
30.1,0.0568069,1.360763,-0.5080135,8.350162,179.3914,-0.9800415,0.01051007,-0.1452225,-0.9893432,7.525822,3,4,4
30.12,0.05665912,1.360572,-0.5081798,8.428487,179.4648,-1.03418,0.009239283,-0.1465749,-0.9891565,7.594013,3,4,4
30.14,0.05659633,1.360454,-0.5082625,8.469871,179.4962,-1.055847,0.008697045,-0.1472893,-0.9890554,7.670945,3,4,4
30.16,0.05647578,1.360294,-0.5084531,8.48177,179.5558,-1.066315,0.007667336,-0.1474947,-0.9890333,7.712001,3,4,4
30.18,0.05635904,1.360179,-0.5086796,8.515952,179.6126,-1.075623,0.006686528,-0.1480847,-0.9889519,7.722275,3,4,4
30.2,0.05624472,1.360015,-0.5089049,8.590752,179.6826,-1.083588,0.005478268,-0.1493757,-0.9887655,7.756308,3,4,4
30.22,0.05615181,1.359841,-0.5091388,8.657084,179.7551,-1.091248,0.004225061,-0.1505204,-0.988598,7.831982,3,4,4
30.24,0.0561216,1.3598,-0.5092789,8.674101,179.7736,-1.086975,0.003906696,-0.150814,-0.9885545,7.899633,3,4,4
30.26,0.05611598,1.359738,-0.5095817,8.709243,179.8328,-1.063629,0.002884612,-0.1514203,-0.9884654,7.917157,3,4,4
30.28,0.05616015,1.359586,-0.5098739,8.784936,179.8707,-1.051727,0.002229637,-0.152726,-0.9882662,7.954137,3,4,4
30.3,0.05621231,1.359325,-0.51018,8.900329,179.9149,-1.046692,0.001467376,-0.1547161,-0.9879578,8.031697,3,4,4
30.32,0.05626935,1.359009,-0.5105037,9.071453,179.9603,-1.045868,0.0006842269,-0.1576661,-0.9874923,8.14953,3,4,4
30.34,0.05627032,1.358829,-0.5106499,9.158755,179.9813,-1.048401,0.0003225567,-0.1591706,-0.9872511,8.324235,3,4,4
30.36,0.05626953,1.358192,-0.5109429,9.393533,-179.9579,-1.077606,-0.0007258423,-0.1632146,-0.9865903,8.413236,3,4,4
30.38,0.05627607,1.357594,-0.5112129,9.666008,-179.8603,-1.130341,-0.002402841,-0.1679046,-0.9858004,8.651855,3,4,4
30.4,0.05629668,1.357146,-0.5114775,9.95352,-179.7537,-1.165314,-0.004234275,-0.1728492,-0.9849393,8.931754,3,4,4
30.42,0.05624194,1.356622,-0.5117532,10.20394,-179.6698,-1.188507,-0.005671591,-0.1771523,-0.984167,9.229332,3,4,4
30.44,0.05623517,1.356325,-0.5119191,10.36242,-179.6079,-1.195953,-0.006731206,-0.179874,-0.9836668,9.487589,3,4,4
30.46,0.05622622,1.355579,-0.5121932,10.71569,-179.4908,-1.230194,-0.008732569,-0.1859356,-0.9825231,9.652252,3,4,4
30.48,0.05618465,1.35463,-0.5123262,11.24702,-179.3995,-1.24295,-0.01027925,-0.1950393,-0.9807417,10.01765,3,4,4
30.5,0.05620436,1.35354,-0.5123835,11.93115,-179.329,-1.263,-0.01145806,-0.2067361,-0.97833,10.56125,3,4,4
30.52,0.05626888,1.352248,-0.5125312,12.70495,-179.2513,-1.291473,-0.01274749,-0.2199304,-0.9754323,11.25759,3,4,4
30.54,0.05630957,1.351513,-0.5126138,13.15208,-179.2117,-1.319366,-0.01339787,-0.2275365,-0.9736776,12.04464,3,4,4
30.56,0.05643873,1.350038,-0.5126659,14.06377,-179.1191,-1.391937,-0.01491388,-0.2430017,-0.9699113,12.49896,3,4,4
30.58,0.05646577,1.348536,-0.5128446,14.95998,-179.0233,-1.413849,-0.01646859,-0.2581442,-0.9659662,13.42649,3,4,4
30.6,0.0563734,1.346892,-0.5129411,15.89759,-178.9278,-1.429016,-0.01799619,-0.2739188,-0.9615846,14.33825,3,4,4
30.62,0.05641966,1.345999,-0.5129809,16.38172,-178.8618,-1.449646,-0.01905741,-0.2820354,-0.9592147,15.29093,3,4,4
30.64,0.05630274,1.344267,-0.5130237,17.34686,-178.735,-1.468994,-0.02107242,-0.2981555,-0.9542848,15.78414,3,4,4
30.66,0.05618311,1.342677,-0.5132903,18.20843,-178.6015,-1.488159,-0.02318379,-0.3124746,-0.9496433,16.76712,3,4,4
30.68,0.0561648,1.34109,-0.513463,19.05386,-178.4446,-1.549164,-0.0256565,-0.3264568,-0.9448639,17.6462,3,4,4
30.7,0.05607319,1.339945,-0.5136924,19.7903,-178.2542,-1.653564,-0.02866568,-0.3385786,-0.9405014,18.51136,3,4,4
30.72,0.05589611,1.339555,-0.5139195,19.98995,-178.1521,-1.651245,-0.03030379,-0.3418553,-0.939264,19.27247,3,4,4
30.74,0.05569318,1.338906,-0.5144625,20.31085,-177.9563,-1.710968,-0.03344362,-0.3471132,-0.9372271,19.48395,3,4,4
30.76,0.05539975,1.338125,-0.5147211,20.67845,-177.749,-1.69281,-0.03674644,-0.353123,-0.934855,19.82817,3,4,4
30.78,0.05519054,1.337474,-0.5149748,21.02563,-177.5712,-1.659973,-0.03955581,-0.3587855,-0.9325817,20.22132,3,4,4
30.8,0.05499986,1.336836,-0.5152832,21.32394,-177.4131,-1.579407,-0.04204394,-0.3636405,-0.9305902,20.59185,3,4,4
30.82,0.05486558,1.336506,-0.5154073,21.48691,-177.3402,-1.534637,-0.04317991,-0.3662886,-0.929499,20.91096,3,4,4
30.84,0.0547,1.335786,-0.5156155,21.83557,-177.2016,-1.460846,-0.04531881,-0.3719442,-0.9271483,21.0837,3,4,4
30.86,0.0545553,1.334979,-0.5157737,22.29295,-177.0939,-1.32785,-0.04691006,-0.3793422,-0.9240666,21.45101,3,4,4
30.88,0.05449438,1.33438,-0.5160476,22.67472,-177.0193,-1.231506,-0.04798048,-0.385499,-0.92146,21.92315,3,4,4
30.9,0.0543483,1.333868,-0.5164587,22.87508,-176.9644,-1.139282,-0.04879198,-0.3887233,-0.9200618,22.31551,3,4,4
30.92,0.05434354,1.33357,-0.5166757,22.99457,-176.9356,-1.095184,-0.04921008,-0.3906439,-0.9192257,22.5223,3,4,4
30.94,0.05428681,1.332799,-0.5168971,23.28903,-176.9002,-1.03009,-0.04966898,-0.3953696,-0.9171782,22.64517,3,4,4
30.96,0.05420154,1.332307,-0.5171705,23.62283,-176.8807,-1.026642,-0.04985563,-0.4007141,-0.9148458,22.94233,3,4,4
30.98,0.05413304,1.331804,-0.517495,23.83166,-176.8613,-1.021332,-0.05008433,-0.4040507,-0.9133645,23.2787,3,4,4
31,0.05416149,1.331304,-0.5178033,24.07749,-176.845,-1.013641,-0.05024811,-0.4079717,-0.9116108,23.48886,3,4,4
31.02,0.0541722,1.331054,-0.5179102,24.20437,-176.858,-1.004913,-0.0499925,-0.4099927,-0.9107177,23.73603,3,4,4
31.04,0.05418963,1.330812,-0.5182247,24.3693,-176.8981,-0.9962463,-0.0492907,-0.4126164,-0.9095705,23.86058,3,4,4
31.06,0.05420477,1.330595,-0.5186412,24.40071,-176.941,-1.06134,-0.0485978,-0.4131157,-0.9093811,24.0198,3,4,4
31.08,0.05418223,1.330252,-0.5189627,24.43958,-176.9877,-1.136078,-0.04784175,-0.4137333,-0.9091402,24.04408,3,4,4
31.1,0.05422848,1.330026,-0.5192508,24.54439,-177.0637,-1.190857,-0.04659769,-0.4153982,-0.9084455,24.07455,3,4,4
31.12,0.05427791,1.329896,-0.5193751,24.60956,-177.1084,-1.200775,-0.04586379,-0.4164326,-0.9080091,24.16877,3,4,4
31.14,0.05441873,1.329622,-0.5196701,24.73131,-177.1972,-1.266968,-0.04441419,-0.4183635,-0.9071932,24.22791,3,4,4
31.16,0.05460678,1.329279,-0.5199777,24.91768,-177.2962,-1.313507,-0.04278087,-0.4213156,-0.9059045,24.33791,3,4,4
31.18,0.05484162,1.328747,-0.520221,25.1282,-177.4496,-1.32547,-0.04028763,-0.4246451,-0.9044632,24.51211,3,4,4
31.2,0.05509338,1.328054,-0.5204674,25.36657,-177.6286,-1.388214,-0.03738694,-0.428408,-0.9028118,24.70382,3,4,4
31.22,0.05520363,1.327717,-0.5205938,25.49537,-177.7202,-1.442169,-0.03590544,-0.4304382,-0.9019057,24.92118,3,4,4
31.24,0.05549869,1.327127,-0.5209092,25.7232,-177.8941,-1.573456,-0.03310447,-0.4340239,-0.9002929,25.04009,3,4,4
31.26,0.05579046,1.326402,-0.5212032,25.95223,-178.069,-1.677551,-0.03029759,-0.4376216,-0.8986486,25.25045,3,4,4
31.28,0.05606913,1.325607,-0.5215108,26.24841,-178.2318,-1.780029,-0.0276741,-0.4422639,-0.8964579,25.46251,3,4,4
31.3,0.05620587,1.325197,-0.52162,26.43343,-178.303,-1.8396,-0.02651852,-0.4451577,-0.8950595,25.74485,3,4,4
31.32,0.05634331,1.324712,-0.5217378,26.66048,-178.3531,-1.894104,-0.02568449,-0.4487027,-0.8933119,25.9248,3,4,4
31.34,0.05662677,1.323008,-0.5220588,27.32371,-178.5018,-2.050171,-0.02322832,-0.4590173,-0.8881236,26.14888,3,4,4
31.36,0.05677283,1.321613,-0.5221345,27.92206,-178.522,-2.1474,-0.02279106,-0.4682701,-0.8832915,26.80218,3,4,4
31.38,0.05686027,1.320318,-0.5220681,28.63566,-178.5096,-2.261017,-0.02282879,-0.4792382,-0.8773883,27.40084,3,4,4
31.4,0.05684433,1.319097,-0.522249,29.22893,-178.4434,-2.3302,-0.02370581,-0.4883004,-0.8723535,28.11968,3,4,4
31.42,0.05684806,1.318511,-0.5223679,29.47291,-178.3952,-2.359833,-0.0243812,-0.492012,-0.8702471,28.71976,3,4,4
31.44,0.05675474,1.317517,-0.5225987,29.85404,-178.2806,-2.353973,-0.02602297,-0.4977921,-0.8669059,28.96731,3,4,4
31.46,0.05668019,1.316669,-0.5229353,30.0917,-178.1563,-2.310669,-0.02783623,-0.5013855,-0.8647761,29.35608,3,4,4
31.48,0.05647381,1.315829,-0.523149,30.29078,-178.0405,-2.224792,-0.02952439,-0.5043887,-0.8629717,29.60076,3,4,4
31.5,0.05643117,1.315446,-0.5232657,30.3868,-177.9673,-2.170105,-0.03059755,-0.505835,-0.8620874,29.80583,3,4,4
31.52,0.05635424,1.314882,-0.5235248,30.60543,-177.8333,-2.141174,-0.03253966,-0.509123,-0.8600785,29.90633,3,4,4
31.54,0.0561425,1.314486,-0.5238405,30.79922,-177.7231,-2.127716,-0.03412621,-0.5120312,-0.8582886,30.13513,3,4,4
31.56,0.05599113,1.314099,-0.5241338,31.00101,-177.5996,-2.095123,-0.03589941,-0.5150532,-0.8564062,30.33817,3,4,4
31.58,0.05592012,1.313743,-0.5243474,31.17864,-177.49,-2.058319,-0.03746865,-0.5177081,-0.8547365,30.55081,3,4,4
31.6,0.05582093,1.313412,-0.524629,31.26968,-177.3877,-2.018433,-0.0389564,-0.5190668,-0.8538456,30.73822,3,4,4
31.62,0.05578104,1.313174,-0.5247436,31.30092,-177.3421,-2.00415,-0.03962381,-0.5195329,-0.8535312,30.83746,3,4,4
31.64,0.05571596,1.312944,-0.5250292,31.33139,-177.2514,-1.956757,-0.04096041,-0.5199871,-0.8531914,30.87168,3,4,4
31.66,0.05565333,1.312845,-0.5253772,31.28597,-177.1957,-1.920166,-0.04181016,-0.5193099,-0.8535627,30.90944,3,4,4
31.68,0.05549747,1.312832,-0.525842,31.24451,-177.1322,-1.879303,-0.0427748,-0.5186913,-0.8538913,30.86799,3,4,4
31.7,0.05542842,1.31286,-0.5260632,31.22458,-177.1264,-1.879333,-0.04286996,-0.5183939,-0.8540666,30.83194,3,4,4
31.72,0.05540643,1.312881,-0.5263721,31.15463,-177.0723,-1.858826,-0.04370925,-0.5173496,-0.8546572,30.81246,3,4,4
31.74,0.05539951,1.312975,-0.5266306,31.07993,-177.0412,-1.796295,-0.04420761,-0.5162333,-0.8553062,30.74706,3,4,4
31.76,0.05537785,1.313151,-0.5268963,30.967,-176.9939,-1.773071,-0.04496678,-0.5145444,-0.8562839,30.67513,3,4,4
31.78,0.05529929,1.313383,-0.5272108,30.81545,-176.9448,-1.732483,-0.04577314,-0.5122745,-0.8576013,30.56672,3,4,4
31.8,0.05525668,1.313536,-0.5273906,30.72171,-176.9076,-1.702454,-0.04637604,-0.5108687,-0.8584071,30.41983,3,4,4
31.82,0.05504322,1.313916,-0.5278466,30.4812,-176.8438,-1.6492,-0.04744955,-0.5072555,-0.8604885,30.32985,3,4,4
31.84,0.0548329,1.314278,-0.5281776,30.28685,-176.7583,-1.583496,-0.04882932,-0.5043294,-0.8621297,30.09564,3,4,4
31.86,0.05470268,1.314556,-0.5284588,30.12677,-176.6663,-1.514557,-0.05029579,-0.5019149,-0.8634534,29.91076,3,4,4
31.88,0.05455339,1.314737,-0.5286162,29.95182,-176.5718,-1.454193,-0.05181222,-0.4992716,-0.8648952,29.76118,3,4,4
31.9,0.05448188,1.314852,-0.5287236,29.87649,-176.5159,-1.431763,-0.05269449,-0.4981319,-0.8654987,29.59659,3,4,4
31.92,0.0543091,1.315063,-0.5289004,29.72868,-176.4426,-1.405182,-0.05388151,-0.4958934,-0.8667101,29.52798,3,4,4
31.94,0.05413131,1.315274,-0.5290371,29.61539,-176.3421,-1.355865,-0.05546379,-0.4941754,-0.8675911,29.38903,3,4,4
31.96,0.05395595,1.315442,-0.5290949,29.54592,-176.2615,-1.333344,-0.05672384,-0.4931209,-0.8681096,29.28874,3,4,4
31.98,0.05382617,1.31558,-0.5291609,29.46732,-176.1836,-1.300171,-0.05794914,-0.491927,-0.8687059,29.23017,3,4,4
32,0.05378836,1.315617,-0.5291716,29.40514,-176.1646,-1.292908,-0.05827333,-0.4909819,-0.8692186,29.16213,3,4,4
32.02,0.05373612,1.315678,-0.5291818,29.3416,-176.1023,-1.258789,-0.05925476,-0.4900154,-0.8696975,29.10221,3,4,4
32.04,0.05366554,1.315771,-0.5292075,29.27178,-176.0678,-1.250916,-0.059819,-0.4889529,-0.8702567,29.04706,3,4,4
32.06,0.053592,1.315861,-0.5292169,29.20966,-176.0413,-1.245422,-0.06025874,-0.4880069,-0.8707575,28.98205,3,4,4
32.08,0.05353056,1.315963,-0.5292135,29.12881,-176.024,-1.223846,-0.06057008,-0.4867747,-0.871425,28.92372,3,4,4
32.1,0.05350848,1.316024,-0.5292122,29.08219,-176.0391,-1.227875,-0.06036706,-0.4860637,-0.8718363,28.84532,3,4,4
32.12,0.05348941,1.316158,-0.5292296,28.99089,-176.0421,-1.221069,-0.06037534,-0.4846705,-0.8726106,28.79657,3,4,4
32.14,0.05348918,1.316289,-0.529215,28.89126,-176.0426,-1.222321,-0.06042537,-0.4831489,-0.8734508,28.70504,3,4,4
32.16,0.05346649,1.31655,-0.5292588,28.69335,-176.0594,-1.228882,-0.06028392,-0.4801217,-0.8751282,28.60544,3,4,4
32.18,0.0534351,1.316859,-0.5293384,28.50762,-176.0598,-1.233124,-0.06038462,-0.4772756,-0.8766766,28.40534,3,4,4
32.2,0.05340391,1.317032,-0.5293645,28.42111,-176.0644,-1.222107,-0.06036245,-0.4759483,-0.8773994,28.22018,3,4,4
32.22,0.05335438,1.317346,-0.5293962,28.24651,-176.0648,-1.20813,-0.0604554,-0.4732659,-0.8788427,28.13349,3,4,4
32.24,0.05334065,1.317677,-0.5294122,28.05807,-176.0987,-1.214935,-0.06004174,-0.4703663,-0.8804265,27.95958,3,4,4
32.26,0.05336774,1.31799,-0.5294409,27.87399,-176.1038,-1.206665,-0.06006614,-0.4675286,-0.8819349,27.767,3,4,4
32.28,0.05342804,1.318215,-0.5294577,27.69841,-176.1293,-1.152252,-0.05976945,-0.4648175,-0.8833871,27.58294,3,4,4
32.3,0.05344321,1.318318,-0.5294609,27.61991,-176.1356,-1.120789,-0.05971537,-0.4636039,-0.8840282,27.40387,3,4,4
32.32,0.05343246,1.318549,-0.5294758,27.47669,-176.1682,-1.101837,-0.05928963,-0.4613876,-0.8852152,27.32454,3,4,4
32.34,0.05338436,1.318722,-0.5294805,27.39389,-176.1849,-1.095459,-0.05907545,-0.4601052,-0.885897,27.17698,3,4,4
32.36,0.05334419,1.318807,-0.5294393,27.36275,-176.1947,-1.089478,-0.05894095,-0.4596224,-0.8861564,27.09221,3,4,4
32.38,0.05333764,1.318889,-0.5293643,27.33456,-176.2066,-1.098083,-0.05877158,-0.4591854,-0.8863941,27.05991,3,4,4
32.4,0.05335999,1.318942,-0.529341,27.31074,-176.2104,-1.10379,-0.05872605,-0.4588162,-0.8865884,27.03029,3,4,4
32.42,0.05341541,1.319004,-0.5292863,27.27464,-176.2186,-1.114227,-0.05861746,-0.4582561,-0.8868851,27.00611,3,4,4
32.44,0.05342073,1.319029,-0.5292217,27.22831,-176.2343,-1.112274,-0.05839929,-0.4575372,-0.8872706,26.96898,3,4,4
32.46,0.05342099,1.319052,-0.5291818,27.15792,-176.2543,-1.106812,-0.05812627,-0.4564446,-0.8878512,26.92015,3,4,4
32.48,0.05341113,1.319062,-0.5291585,27.12798,-176.2891,-1.091461,-0.05760265,-0.4559795,-0.8881242,26.84642,3,4,4
32.5,0.05342284,1.319066,-0.5291122,27.12523,-176.299,-1.100128,-0.05745023,-0.4559369,-0.888156,26.8112,3,4,4
32.52,0.053487,1.319104,-0.5289924,27.10285,-176.3201,-1.108521,-0.05713475,-0.4555892,-0.8883547,26.80703,3,4,4
32.54,0.05358778,1.319136,-0.5288685,27.05656,-176.3602,-1.108795,-0.05653584,-0.4548698,-0.8887618,26.78172,3,4,4
32.56,0.05368048,1.319192,-0.5287241,27.01635,-176.3981,-1.115387,-0.0559679,-0.4542446,-0.8891172,26.72953,3,4,4
32.58,0.05371646,1.319221,-0.5286459,27.00948,-176.4074,-1.134888,-0.05582715,-0.4541379,-0.8891807,26.684,3,4,4
32.6,0.05375552,1.319332,-0.52852,26.9804,-176.4221,-1.11911,-0.0556135,-0.4536856,-0.8894249,26.67598,3,4,4
32.62,0.05375316,1.319499,-0.5284592,26.8882,-176.4527,-1.108459,-0.0551831,-0.452251,-0.8901821,26.64531,3,4,4
32.64,0.05378472,1.319616,-0.5282969,26.82724,-176.4598,-1.100586,-0.0551037,-0.4513019,-0.8906685,26.54906,3,4,4
32.66,0.05381608,1.319743,-0.5280985,26.74966,-176.4757,-1.096588,-0.0548935,-0.4500931,-0.8912929,26.48738,3,4,4
32.68,0.05383039,1.319815,-0.5279881,26.69469,-176.4671,-1.083771,-0.05505433,-0.4492362,-0.8917152,26.40772,3,4,4
32.7,0.05382286,1.320008,-0.5277963,26.57766,-176.4748,-1.081329,-0.05498956,-0.4474105,-0.8926366,26.35398,3,4,4
32.72,0.05379083,1.320213,-0.527619,26.46712,-176.4627,-1.09201,-0.05523162,-0.4456842,-0.893485,26.2361,3,4,4
32.74,0.05371267,1.320395,-0.5274961,26.35543,-176.4232,-1.099182,-0.05590159,-0.4439383,-0.8943118,26.12767,3,4,4
32.76,0.05362627,1.32059,-0.5273044,26.26589,-176.3946,-1.111908,-0.05639237,-0.4425375,-0.8949751,26.02191,3,4,4
32.78,0.05359222,1.320678,-0.5271856,26.22873,-176.3698,-1.107971,-0.05679733,-0.4419557,-0.895237,25.93709,3,4,4
32.8,0.05353067,1.320829,-0.5269204,26.1876,-176.3327,-1.09964,-0.05739745,-0.4413117,-0.8955163,25.90384,3,4,4
32.82,0.05347376,1.320942,-0.5266528,26.11104,-176.2922,-1.105103,-0.05806791,-0.4401122,-0.8960634,25.86891,3,4,4
32.84,0.05338753,1.321092,-0.5264637,26.00829,-176.2483,-1.079651,-0.05880699,-0.4385011,-0.8968046,25.79861,3,4,4
32.86,0.05325599,1.321224,-0.5263011,25.94381,-176.2016,-1.04657,-0.05956941,-0.4374895,-0.8972484,25.70281,3,4,4
32.88,0.05318997,1.321262,-0.526217,25.91978,-176.1828,-1.041687,-0.05987726,-0.4371122,-0.8974116,25.64591,3,4,4
32.9,0.05306527,1.321333,-0.5260081,25.8764,-176.1515,-1.025665,-0.06038847,-0.4364312,-0.897709,25.62488,3,4,4
32.92,0.05295523,1.321445,-0.5257827,25.80528,-176.1119,-1.024475,-0.06104616,-0.4353141,-0.8982065,25.58651,3,4,4
32.94,0.0528897,1.321536,-0.525533,25.74406,-176.0565,-1.038696,-0.06194591,-0.4343519,-0.8986108,25.52197,3,4,4
32.96,0.05279222,1.321687,-0.5252969,25.65774,-176.0277,-1.058258,-0.06244325,-0.4329943,-0.8992313,25.46993,3,4,4
32.98,0.05273716,1.321775,-0.5251938,25.61438,-176.0121,-1.061432,-0.06271105,-0.432312,-0.8995408,25.38881,3,4,4
33,0.05259888,1.321965,-0.5250349,25.50784,-175.9694,-1.06839,-0.06343759,-0.4306347,-0.9002941,25.34836,3,4,4
33.02,0.05242183,1.322146,-0.5249288,25.43191,-175.9376,-1.082397,-0.06397729,-0.4294381,-0.9008272,25.2496,3,4,4
33.04,0.0523212,1.322331,-0.5246991,25.36193,-175.9098,-1.105591,-0.06445216,-0.4283349,-0.9013187,25.17976,3,4,4
33.06,0.05226938,1.322429,-0.524595,25.32954,-175.8896,-1.100891,-0.06478789,-0.4278239,-0.9015372,25.11539,3,4,4
33.08,0.05224531,1.322529,-0.5244581,25.26783,-175.8887,-1.080963,-0.06483507,-0.4268501,-0.9019954,25.08697,3,4,4
33.1,0.05207596,1.322755,-0.52414,25.17044,-175.8623,-1.081818,-0.06530209,-0.4253124,-0.9026877,25.02582,3,4,4
33.12,0.05194747,1.322895,-0.5239702,25.11763,-175.8423,-1.118134,-0.0656456,-0.424478,-0.9030554,24.93403,3,4,4
33.14,0.05171238,1.323014,-0.523908,25.09047,-175.813,-1.159943,-0.0661232,-0.4240488,-0.9032222,24.88534,3,4,4
33.16,0.05149459,1.323084,-0.5237803,25.1139,-175.8052,-1.169525,-0.06623266,-0.4244191,-0.9030405,24.86384,3,4,4
33.18,0.05142529,1.323068,-0.52369,25.13789,-175.7893,-1.185394,-0.06647069,-0.4247982,-0.9028445,24.88892,3,4,4
33.2,0.05129266,1.322985,-0.5234432,25.18918,-175.764,-1.222321,-0.06684056,-0.4256085,-0.9024355,24.91561,3,4,4
33.22,0.05118003,1.32295,-0.5232362,25.15898,-175.7481,-1.232239,-0.06710827,-0.4251313,-0.9026405,24.97079,3,4,4
33.24,0.05103109,1.322987,-0.5231738,25.08423,-175.7322,-1.26886,-0.06739943,-0.4239502,-0.9031743,24.94298,3,4,4
33.26,0.05083781,1.322974,-0.5231286,25.04671,-175.7195,-1.289063,-0.0676204,-0.423357,-0.9034362,24.87101,3,4,4
33.28,0.05071737,1.322968,-0.5231236,25.01522,-175.7038,-1.289063,-0.06788621,-0.422859,-0.9036492,24.83537,3,4,4
33.3,0.05049644,1.323038,-0.5231111,24.98306,-175.6877,-1.300415,-0.06815745,-0.4223503,-0.9038668,24.8065,3,4,4
33.32,0.05037164,1.323107,-0.5230202,24.95878,-175.6592,-1.325989,-0.06861996,-0.4219662,-0.904011,24.77743,3,4,4
33.34,0.05030749,1.32312,-0.5228,24.97474,-175.6469,-1.307587,-0.06880508,-0.4222187,-0.903879,24.75866,3,4,4
33.36,0.05022599,1.323161,-0.5226268,24.96311,-175.6478,-1.330414,-0.06879739,-0.4220346,-0.9039656,24.7769,3,4,4
33.38,0.05018282,1.323217,-0.5225783,24.94193,-175.6445,-1.342163,-0.06886148,-0.4216995,-0.9041172,24.76524,3,4,4
33.4,0.05003111,1.323387,-0.5225815,24.86208,-175.6395,-1.343933,-0.0689848,-0.4204354,-0.9046963,24.74498,3,4,4
33.42,0.04984601,1.323512,-0.5226212,24.79422,-175.6374,-1.335327,-0.0690558,-0.4193604,-0.9051898,24.66691,3,4,4
33.44,0.04974496,1.32358,-0.5225639,24.75542,-175.6353,-1.351685,-0.06911176,-0.4187456,-0.90547,24.59999,3,4,4
33.46,0.04965168,1.323589,-0.5224474,24.73747,-175.6287,-1.355652,-0.0692246,-0.418461,-0.9055927,24.56189,3,4,4
33.48,0.04961042,1.32357,-0.5223639,24.73961,-175.6147,-1.357422,-0.06944556,-0.4184951,-0.9055603,24.54508,3,4,4
33.5,0.04951511,1.323539,-0.5222514,24.7302,-175.6037,-1.376801,-0.06962501,-0.4183459,-0.9056154,24.54967,3,4,4
33.52,0.04939825,1.323454,-0.5222114,24.7437,-175.5773,-1.401855,-0.07003362,-0.4185598,-0.905485,24.54199,3,4,4
33.54,0.04925916,1.323381,-0.5222737,24.75521,-175.5441,-1.424164,-0.0705525,-0.4187424,-0.9053603,24.55974,3,4,4
33.56,0.04915214,1.323341,-0.5222923,24.76425,-175.5229,-1.435638,-0.0708819,-0.4188856,-0.9052682,24.57689,3,4,4
33.58,0.04912028,1.323335,-0.5223003,24.76053,-175.5125,-1.434998,-0.07104942,-0.4188267,-0.9052826,24.58956,3,4,4
33.6,0.04908059,1.323295,-0.5222706,24.75459,-175.5017,-1.443359,-0.07122202,-0.4187324,-0.9053125,24.58777,3,4,4
33.62,0.04911622,1.323213,-0.5221842,24.75796,-175.4863,-1.445129,-0.07146402,-0.418786,-0.9052685,24.58354,3,4,4
33.64,0.04910158,1.323155,-0.5221727,24.78132,-175.4882,-1.449829,-0.07142105,-0.419156,-0.9051008,24.58938,3,4,4
33.66,0.0491057,1.323127,-0.5221726,24.79817,-175.4898,-1.448853,-0.07138531,-0.4194231,-0.9049798,24.61194,3,4,4
33.68,0.04907549,1.323084,-0.5222698,24.80645,-175.498,-1.443451,-0.07125124,-0.4195543,-0.9049297,24.6283,3,4,4
33.7,0.0490811,1.323027,-0.5223734,24.80307,-175.5127,-1.451294,-0.07102072,-0.4195006,-0.9049724,24.6347,3,4,4
33.72,0.0491455,1.322909,-0.5224271,24.84142,-175.5249,-1.460388,-0.07080578,-0.4201083,-0.9047076,24.62812,3,4,4
33.74,0.04924888,1.32265,-0.5223522,24.98607,-175.555,-1.454132,-0.07024892,-0.4223979,-0.9036843,24.66343,3,4,4
33.76,0.04929668,1.322483,-0.5222989,25.06697,-175.5743,-1.469391,-0.06989761,-0.4236773,-0.9031125,24.80082,3,4,4
33.78,0.04942669,1.322091,-0.5222862,25.23085,-175.5912,-1.486206,-0.06953901,-0.4262664,-0.901921,24.87709,3,4,4
33.8,0.0495438,1.321552,-0.5223148,25.49655,-175.6305,-1.510101,-0.06876911,-0.4304567,-0.8999878,25.03553,3,4,4
33.82,0.04972973,1.320396,-0.5221854,25.92372,-175.6711,-1.550537,-0.06788665,-0.4371741,-0.8968113,25.29096,3,4,4
33.84,0.04988215,1.319447,-0.5220338,26.47683,-175.7488,-1.596466,-0.06635455,-0.4458359,-0.8926519,25.70425,3,4,4
33.86,0.04995773,1.318976,-0.5220686,26.69391,-175.7881,-1.614044,-0.0656179,-0.4492241,-0.8910062,26.23955,3,4,4
33.88,0.05018136,1.318001,-0.5221084,27.05242,-175.8659,-1.677979,-0.06420406,-0.4548055,-0.8882735,26.44786,3,4,4
33.9,0.05038325,1.316951,-0.5221342,27.43583,-175.9316,-1.78299,-0.0629679,-0.4607548,-0.885291,26.78905,3,4,4
33.92,0.05054269,1.316124,-0.5222431,27.83103,-175.983,-1.904907,-0.06194947,-0.4668656,-0.882156,27.15735,3,4,4
33.94,0.05061196,1.315157,-0.5224602,28.1946,-176.0373,-1.992493,-0.06090718,-0.4724677,-0.879241,27.54176,3,4,4
33.96,0.05069085,1.314673,-0.5225512,28.4116,-176.0427,-2.025726,-0.06070041,-0.4758023,-0.8774552,27.89331,3,4,4
33.98,0.05083315,1.313417,-0.5226008,28.89371,-176.0617,-2.10965,-0.06013205,-0.4831864,-0.8734503,28.10795,3,4,4
34,0.05092959,1.312052,-0.5224481,29.49845,-176.0784,-2.202271,-0.05952653,-0.4924001,-0.8683314,28.58269,3,4,4
34.02,0.05101712,1.310455,-0.522204,30.26383,-176.0624,-2.265137,-0.05931101,-0.5039825,-0.8616753,29.18088,3,4,4
34.04,0.05104946,1.308623,-0.5220191,31.09028,-176.0549,-2.303253,-0.05891773,-0.5163881,-0.8543256,29.94425,3,4,4
34.06,0.051049,1.307625,-0.5219511,31.50975,-176.0508,-2.329041,-0.0587168,-0.5226436,-0.8505271,30.76666,3,4,4
34.08,0.05100945,1.305649,-0.5217192,32.38529,-176.0109,-2.335999,-0.0587471,-0.53561,-0.8424195,31.18374,3,4,4
34.1,0.05095388,1.303749,-0.5215487,33.25864,-175.9642,-2.346405,-0.05885225,-0.5484194,-0.8341299,32.05909,3,4,4
34.12,0.05082105,1.301985,-0.521705,33.98611,-175.9212,-2.329071,-0.05897697,-0.5589919,-0.827073,32.93355,3,4,4
34.14,0.0507546,1.299978,-0.5220374,34.53669,-175.8525,-2.324829,-0.059578,-0.5669338,-0.821606,33.66108,3,4,4
34.16,0.05065884,1.299002,-0.5220482,34.84536,-175.8189,-2.318909,-0.05983664,-0.5713635,-0.8185129,34.21143,3,4,4
34.18,0.0504919,1.297078,-0.5221556,35.54322,-175.7478,-2.341614,-0.06033098,-0.5813169,-0.8114376,34.5203,3,4,4
34.2,0.05019826,1.294998,-0.5223312,36.28854,-175.6746,-2.374939,-0.06079338,-0.591852,-0.8037509,35.21984,3,4,4
34.22,0.04987537,1.292773,-0.5225111,37.03821,-175.6114,-2.50061,-0.06108184,-0.6023474,-0.7958936,35.96621,3,4,4
34.24,0.04958019,1.29054,-0.5224835,37.95041,-175.5313,-2.60257,-0.06143906,-0.6149792,-0.7861462,36.71461,3,4,4
34.26,0.04939663,1.289433,-0.5225108,38.40265,-175.506,-2.656281,-0.06140367,-0.621184,-0.7812555,37.62866,3,4,4
34.28,0.04897351,1.28707,-0.5228804,39.17115,-175.4669,-2.795135,-0.0612726,-0.6316391,-0.7728376,38.08009,3,4,4
34.3,0.04851376,1.284286,-0.5234036,39.87204,-175.405,-2.958618,-0.0614843,-0.6410752,-0.7650114,38.84338,3,4,4
34.32,0.04807451,1.281207,-0.5231866,40.85276,-175.3233,-3.11615,-0.06167086,-0.6541174,-0.7538748,39.53791,3,4,4
34.34,0.04765113,1.278377,-0.5229141,42.06645,-175.3212,-3.348877,-0.06055424,-0.669992,-0.7398944,40.51456,3,4,4
34.36,0.04740866,1.276891,-0.5229376,42.60593,-175.3132,-3.471863,-0.06013925,-0.6769521,-0.7335665,41.71944,3,4,4
34.38,0.04687757,1.274084,-0.5230823,43.53147,-175.3168,-3.749725,-0.05919364,-0.6887529,-0.7225759,42.25415,3,4,4
34.4,0.04638721,1.271743,-0.5232528,44.37413,-175.2955,-3.986145,-0.05862431,-0.6993406,-0.7123803,43.16806,3,4,4
34.42,0.04580953,1.269912,-0.5236467,44.99747,-175.3144,-4.222443,-0.05776529,-0.7070756,-0.7047747,44.00391,3,4,4
34.44,0.0451659,1.268263,-0.5242686,45.3506,-175.3006,-4.442566,-0.05757662,-0.7114204,-0.7004043,44.61826,3,4,4
34.46,0.04484808,1.267572,-0.524521,45.47399,-175.2784,-4.548462,-0.05772144,-0.7129321,-0.6988532,44.96417,3,4,4
34.48,0.04426273,1.266631,-0.5249286,45.76981,-175.2701,-4.736359,-0.05751846,-0.7165432,-0.6951674,45.08576,3,4,4
34.5,0.04366235,1.265974,-0.5254001,45.98569,-175.3173,-4.891785,-0.05672453,-0.7191663,-0.6925187,45.37819,3,4,4
34.52,0.0431108,1.265436,-0.5259638,46.08118,-175.3524,-5.034851,-0.05620303,-0.7203233,-0.6913578,45.58704,3,4,4
34.54,0.04286084,1.265215,-0.5261794,46.11438,-175.3481,-5.076782,-0.05622171,-0.7207251,-0.6909373,45.67638,3,4,4
34.56,0.04235208,1.264896,-0.5265119,46.23083,-175.3898,-5.180695,-0.055601,-0.7221325,-0.6895165,45.70863,3,4,4
34.58,0.0417994,1.264784,-0.5268371,46.34438,-175.4536,-5.281311,-0.05472005,-0.723502,-0.68815,45.82013,3,4,4
34.6,0.04138713,1.264598,-0.5273576,46.44432,-175.4647,-5.384796,-0.05448578,-0.724705,-0.6869017,45.9283,3,4,4
34.62,0.04089049,1.264158,-0.5278611,46.45242,-175.514,-5.437805,-0.0538867,-0.7248025,-0.6868462,46.02679,3,4,4
34.64,0.04062161,1.263902,-0.5281464,46.43883,-175.5544,-5.480255,-0.05341641,-0.7246391,-0.6870555,46.02766,3,4,4
34.66,0.04011804,1.263648,-0.528577,46.43654,-175.6228,-5.579681,-0.05259839,-0.7246115,-0.6871475,46.00876,3,4,4
34.68,0.03967708,1.263446,-0.5289674,46.45813,-175.6969,-5.667206,-0.05168889,-0.7248711,-0.6869429,45.99895,3,4,4
34.7,0.03938311,1.263266,-0.5293704,46.52439,-175.8046,-5.791718,-0.05033609,-0.7256673,-0.686202,46.01328,3,4,4
34.72,0.03914703,1.263027,-0.5296909,46.60114,-175.8911,-5.918823,-0.04923065,-0.7265884,-0.6853071,46.0705,3,4,4
34.74,0.03897421,1.26295,-0.5298641,46.63313,-175.9578,-5.990479,-0.04840346,-0.7269718,-0.6849593,46.13977,3,4,4
34.76,0.03876181,1.262748,-0.5302123,46.676,-176.0678,-6.117706,-0.04705106,-0.7274854,-0.684508,46.16653,3,4,4
34.78,0.03851118,1.262547,-0.5305141,46.67616,-176.215,-6.204834,-0.04529234,-0.7274874,-0.6846246,46.20041,3,4,4
34.8,0.03838763,1.262391,-0.5308394,46.65249,-176.3545,-6.288269,-0.04364463,-0.7272038,-0.6850327,46.18874,3,4,4
34.82,0.03835022,1.262236,-0.5311447,46.62977,-176.5009,-6.405121,-0.04191197,-0.7269315,-0.6854298,46.15419,3,4,4
34.84,0.03839859,1.262167,-0.5312096,46.64623,-176.5625,-6.456085,-0.04116286,-0.7271289,-0.6852659,46.12053,3,4,4
34.86,0.03839317,1.262014,-0.5314143,46.66079,-176.7103,-6.558929,-0.03938391,-0.7273032,-0.6851854,46.13281,3,4,4
34.88,0.03850596,1.261784,-0.5315737,46.70198,-176.8541,-6.634979,-0.03763523,-0.7277964,-0.6847598,46.13733,3,4,4
34.9,0.03863735,1.261601,-0.5316203,46.76661,-177.0375,-6.707275,-0.03540063,-0.7285696,-0.6840564,46.16897,3,4,4
34.92,0.0388208,1.26143,-0.5316312,46.83127,-177.2003,-6.797729,-0.03341705,-0.7293421,-0.6833326,46.22286,3,4,4
34.94,0.03893033,1.261326,-0.5316536,46.86852,-177.2653,-6.837219,-0.03261887,-0.7297867,-0.6828963,46.27856,3,4,4
34.96,0.03915159,1.261114,-0.531708,46.9089,-177.4328,-6.894531,-0.03059902,-0.7302684,-0.682475,46.31229,3,4,4
34.98,0.03944347,1.260969,-0.5317445,46.94485,-177.668,-6.875275,-0.02777858,-0.7306969,-0.6821368,46.34356,3,4,4
35,0.039899,1.260817,-0.5318105,46.98538,-177.9613,-6.917358,-0.02426804,-0.7311797,-0.6817533,46.36826,3,4,4
35.02,0.04041505,1.260661,-0.5318892,46.9966,-178.1899,-6.955322,-0.02154315,-0.7313133,-0.6817015,46.39627,3,4,4
35.04,0.04068648,1.260654,-0.5319237,46.97766,-178.2944,-6.977112,-0.02030718,-0.7310877,-0.6819814,46.39822,3,4,4
35.06,0.04134285,1.2609,-0.5321172,46.88031,-178.5739,-6.967712,-0.0170113,-0.7299275,-0.6833131,46.3754,3,4,4
35.08,0.0420486,1.260927,-0.5321928,46.77692,-178.9257,-6.939484,-0.01283987,-0.7286928,-0.6847206,46.26962,3,4,4
35.1,0.04280369,1.261117,-0.5321912,46.69288,-179.2486,-7.000946,-0.008994933,-0.7276875,-0.6858499,46.15572,3,4,4
35.12,0.0435945,1.261414,-0.5322869,46.59845,-179.4986,-7.051605,-0.006013423,-0.7265561,-0.6870809,46.06511,3,4,4
35.14,0.04398635,1.261547,-0.5323016,46.52869,-179.6287,-7.063446,-0.00445807,-0.725719,-0.6879768,45.96731,3,4,4
35.16,0.04480446,1.26186,-0.5323195,46.41396,-179.9014,-7.071259,-0.001185872,-0.7243399,-0.689442,45.89571,3,4,4
35.18,0.04557951,1.262196,-0.5322946,46.29136,179.851,-7.085541,0.001797717,-0.7228629,-0.6909891,45.77876,3,4,4
35.2,0.04637524,1.262561,-0.5323137,46.16452,179.6926,-7.047455,0.003715727,-0.7213315,-0.69258,45.65524,3,4,4
35.22,0.04718571,1.262934,-0.5323221,46.03529,179.5704,-6.971375,0.005205199,-0.7197675,-0.6941957,45.52856,3,4,4
35.24,0.04756035,1.263102,-0.5323067,45.98893,179.5254,-6.91629,0.005754828,-0.7192056,-0.6947736,45.39982,3,4,4
35.26,0.04825092,1.263325,-0.5321928,45.88451,179.4644,-6.817322,0.006507594,-0.7179381,-0.6960766,45.35394,3,4,4
35.28,0.04900154,1.263565,-0.5322107,45.79967,179.4768,-6.657043,0.006365724,-0.7169065,-0.6971404,45.24946,3,4,4
35.3,0.04968849,1.263823,-0.5321106,45.70525,179.5011,-6.497101,0.006081015,-0.7157567,-0.6983234,45.16478,3,4,4
35.32,0.05041068,1.264048,-0.5319712,45.62089,179.5784,-6.346802,0.005146105,-0.7147278,-0.699384,45.07044,3,4,4
35.34,0.05080945,1.264154,-0.5318773,45.60325,179.6461,-6.271301,0.004321001,-0.7145123,-0.6996095,44.986,3,4,4
35.36,0.05152938,1.264387,-0.5316821,45.53209,179.771,-6.100525,0.00280036,-0.713643,-0.700504,44.96872,3,4,4
35.38,0.05229826,1.264777,-0.5315326,45.46035,179.9036,-5.847961,0.001179945,-0.7127652,-0.7014018,44.89806,3,4,4
35.4,0.05314947,1.265101,-0.5314499,45.37704,-179.9998,-5.682251,-2.62633E-06,-0.7117447,-0.7024384,44.82822,3,4,4
35.42,0.05410502,1.265466,-0.5315254,45.28043,-179.8081,-5.541443,-0.002356924,-0.7105591,-0.7036335,44.74628,3,4,4
35.44,0.05460324,1.265707,-0.5315499,45.21917,-179.7005,-5.497589,-0.003681749,-0.7098064,-0.7043872,44.65215,3,4,4
35.46,0.05565596,1.266146,-0.5315565,45.09585,-179.4862,-5.36795,-0.006330229,-0.7082887,-0.7058945,44.59273,3,4,4
35.48,0.05672566,1.26647,-0.5315106,44.99738,-179.293,-5.226532,-0.008725308,-0.7070745,-0.7070854,44.47347,3,4,4
35.5,0.05788859,1.266826,-0.5315084,44.9285,-179.0489,-5.02533,-0.01175192,-0.7062238,-0.707891,44.37917,3,4,4
35.52,0.05853185,1.267019,-0.5315753,44.88655,-178.914,-4.922424,-0.01342817,-0.7057053,-0.7083783,44.31717,3,4,4
35.54,0.05980805,1.267386,-0.5317386,44.79019,-178.6617,-4.650696,-0.01657511,-0.7045127,-0.7094979,44.27944,3,4,4
35.56,0.06117401,1.267772,-0.5319102,44.68161,-178.4319,-4.393646,-0.01945689,-0.7031665,-0.710759,44.19174,3,4,4
35.58,0.06257363,1.268113,-0.5320513,44.59703,-178.2136,-4.149963,-0.02219731,-0.7021161,-0.7117165,44.09225,3,4,4
35.6,0.06399107,1.268576,-0.5323192,44.5113,-178.0187,-3.891693,-0.0246549,-0.7010499,-0.7126859,44.01749,3,4,4
35.62,0.064666,1.268867,-0.5325015,44.44387,-177.9415,-3.758484,-0.02564461,-0.7002102,-0.7134762,43.94236,3,4,4
35.64,0.06609756,1.269387,-0.5328531,44.29945,-177.7965,-3.499725,-0.02751823,-0.6984084,-0.7151702,43.87963,3,4,4
35.66,0.06751863,1.269827,-0.5332525,44.14689,-177.6739,-3.257294,-0.0291232,-0.6965002,-0.7169653,43.744,3,4,4
35.68,0.06899424,1.27025,-0.5337692,44.01318,-177.5427,-3.054016,-0.03083421,-0.6948239,-0.7185187,43.59895,3,4,4
35.7,0.0703356,1.270688,-0.5342555,43.89054,-177.4461,-2.856476,-0.03211255,-0.6932829,-0.7199497,43.47378,3,4,4
35.72,0.07100662,1.270851,-0.5344808,43.83977,-177.3862,-2.77121,-0.03289314,-0.692644,-0.7205293,43.35836,3,4,4
35.74,0.07228874,1.271131,-0.5349228,43.77547,-177.2391,-2.586975,-0.03478058,-0.6918341,-0.7212183,43.31173,3,4,4
35.76,0.07350209,1.271386,-0.5354254,43.71013,-177.0782,-2.387787,-0.03684524,-0.6910102,-0.7219053,43.25784,3,4,4
35.78,0.07465267,1.271618,-0.5359062,43.66526,-176.9245,-2.151062,-0.03881107,-0.6904439,-0.722344,43.20411,3,4,4
35.8,0.0757584,1.271694,-0.5363817,43.64675,-176.7853,-1.916168,-0.0405786,-0.6902102,-0.7224703,43.17102,3,4,4
35.82,0.07629991,1.271717,-0.536624,43.64998,-176.7242,-1.805756,-0.04134624,-0.6902508,-0.7223878,43.16305,3,4,4
35.84,0.07725083,1.271761,-0.5371081,43.61771,-176.6195,-1.593658,-0.04268967,-0.6898433,-0.7226992,43.17111,3,4,4
35.86,0.07812481,1.271759,-0.5376165,43.5924,-176.5186,-1.383026,-0.04398055,-0.6895235,-0.7229269,43.14695,3,4,4
35.88,0.07892964,1.271653,-0.5380493,43.60665,-176.4521,-1.209656,-0.04480964,-0.6897036,-0.7227042,43.12941,3,4,4
35.9,0.07965911,1.271481,-0.5383751,43.67551,-176.4436,-1.069,-0.0448643,-0.6905733,-0.7218696,43.1487,3,4,4
35.92,0.08002783,1.271408,-0.5385455,43.70812,-176.4574,-1.036652,-0.044667,-0.6909849,-0.7214879,43.21826,3,4,4
35.94,0.08077583,1.271259,-0.538951,43.76395,-176.4994,-0.9954529,-0.04409602,-0.6916889,-0.7208483,43.24988,3,4,4
35.96,0.08148035,1.271089,-0.5393494,43.78811,-176.5491,-0.9990845,-0.04345394,-0.6919934,-0.720595,43.30252,3,4,4
35.98,0.08203496,1.270912,-0.5396494,43.80116,-176.6071,-1.036285,-0.04271526,-0.6921577,-0.7204813,43.32241,3,4,4
36,0.08257023,1.270759,-0.5398771,43.85175,-176.6341,-1.055786,-0.04233962,-0.6927948,-0.7198909,43.33033,3,4,4
36.02,0.08281282,1.270665,-0.5399922,43.85144,-176.6325,-1.065247,-0.04235942,-0.6927909,-0.7198935,43.37877,3,4,4
36.04,0.08323039,1.270598,-0.5402755,43.88675,-176.6098,-1.04425,-0.04262022,-0.6932352,-0.7194502,43.37806,3,4,4
36.06,0.08357725,1.270565,-0.5404947,43.90886,-176.6094,-0.9880981,-0.04260857,-0.6935132,-0.719183,43.41526,3,4,4
36.08,0.08400671,1.270492,-0.5407999,43.91963,-176.5827,-0.8618469,-0.04293668,-0.6936486,-0.7190328,43.43762,3,4,4
36.1,0.08415669,1.270578,-0.5410428,43.9113,-176.5527,-0.7640076,-0.04331911,-0.6935439,-0.7191108,43.45027,3,4,4
36.12,0.08417039,1.270657,-0.5411738,43.91415,-176.5126,-0.7037048,-0.0438198,-0.6935797,-0.719046,43.44479,3,4,4
36.14,0.08419108,1.27082,-0.541429,43.90405,-176.4604,-0.6283875,-0.04448229,-0.6934527,-0.7191279,43.45127,3,4,4
36.16,0.08402728,1.271047,-0.541769,43.83154,-176.4309,-0.5353394,-0.04490801,-0.6925404,-0.7199801,43.44621,3,4,4
36.18,0.08371611,1.271255,-0.5421431,43.8105,-176.3615,-0.504425,-0.04579607,-0.6922754,-0.7201787,43.37666,3,4,4
36.2,0.08308899,1.271439,-0.5425562,43.80404,-176.2761,-0.5413818,-0.04687453,-0.692194,-0.7201877,43.36213,3,4,4
36.22,0.08282604,1.271526,-0.5427496,43.79519,-176.2386,-0.5759277,-0.0473527,-0.6920826,-0.7202637,43.3634,3,4,4
36.24,0.08212205,1.271756,-0.5431417,43.78622,-176.1609,-0.613678,-0.0483368,-0.6919696,-0.7203066,43.35798,3,4,4
36.26,0.08125809,1.271924,-0.5435003,43.74389,-176.0924,-0.6989441,-0.04923255,-0.691436,-0.7207582,43.35653,3,4,4
36.28,0.08027015,1.272085,-0.543838,43.66201,-176.0066,-0.8043823,-0.05038103,-0.6904029,-0.7216686,43.32018,3,4,4
36.3,0.0791217,1.272198,-0.5442075,43.55994,-175.9174,-0.9169922,-0.05159091,-0.6891131,-0.722815,43.24532,3,4,4
36.32,0.07849708,1.27227,-0.5443352,43.51922,-175.8741,-0.9684143,-0.05217263,-0.6885978,-0.7232645,43.15011,3,4,4
36.34,0.07727465,1.272262,-0.5446179,43.45949,-175.7867,-1.065918,-0.05332933,-0.6878415,-0.7238992,43.11294,3,4,4
36.36,0.07596,1.272374,-0.5449191,43.42409,-175.7129,-1.174591,-0.05429263,-0.687393,-0.7242537,43.05972,3,4,4
36.38,0.07453163,1.272472,-0.5451289,43.37177,-175.598,-1.285583,-0.0557932,-0.6867294,-0.7247689,43.03069,3,4,4
36.4,0.07385262,1.272507,-0.5451956,43.35769,-175.536,-1.328918,-0.05659017,-0.6865508,-0.7248763,42.98837,3,4,4
36.42,0.07239538,1.272676,-0.5452399,43.33613,-175.4586,-1.402222,-0.05758962,-0.6862771,-0.7250566,42.97986,3,4,4
36.44,0.07090797,1.273053,-0.5454073,43.22765,-175.3575,-1.476349,-0.05897515,-0.6848989,-0.7262475,42.96576,3,4,4
36.46,0.06942547,1.273607,-0.5457391,43.02816,-175.2011,-1.540802,-0.06115663,-0.6823577,-0.7284558,42.86786,3,4,4
36.48,0.06798621,1.27408,-0.5459261,42.77734,-175.0418,-1.588684,-0.06343863,-0.679151,-0.731252,42.68526,3,4,4
36.5,0.06723336,1.274392,-0.5460222,42.66179,-174.9607,-1.618103,-0.06459432,-0.6776693,-0.7325243,42.45138,3,4,4
36.52,0.06564166,1.274982,-0.5461692,42.39266,-174.7735,-1.66394,-0.0672766,-0.6742078,-0.7354714,42.34529,3,4,4
36.54,0.06409605,1.275476,-0.5462176,42.16888,-174.5567,-1.693756,-0.07030764,-0.6713181,-0.737827,42.09789,3,4,4
36.56,0.06257509,1.275929,-0.5461257,42.0105,-174.3305,-1.727264,-0.07340349,-0.6692668,-0.7393876,41.89994,3,4,4
36.58,0.06097664,1.276409,-0.5459944,41.86814,-174.1071,-1.757935,-0.07645641,-0.6674186,-0.7407475,41.7698,3,4,4
36.6,0.06029335,1.276585,-0.545981,41.78025,-173.9827,-1.745453,-0.07817195,-0.6662755,-0.7415971,41.65672,3,4,4
36.62,0.05893054,1.276874,-0.5458242,41.65277,-173.7975,-1.755676,-0.08072791,-0.6646147,-0.7428127,41.58517,3,4,4
36.64,0.058221,1.277003,-0.5456842,41.62525,-173.744,-1.752869,-0.08145686,-0.6642557,-0.7430541,41.48261,3,4,4
36.66,0.05621734,1.277393,-0.5453448,41.47541,-173.5107,-1.773193,-0.08467721,-0.6622985,-0.7444398,41.46248,3,4,4
36.68,0.05509185,1.277553,-0.5450791,41.3914,-173.4179,-1.793671,-0.08599479,-0.6611992,-0.7452654,41.3454,3,4,4
36.7,0.05453894,1.277624,-0.5449419,41.36578,-173.386,-1.812408,-0.08644261,-0.6608637,-0.7455112,41.27451,3,4,4
36.72,0.05350726,1.277783,-0.5446836,41.27636,-173.343,-1.847046,-0.08712219,-0.6596917,-0.7464699,41.25338,3,4,4
36.74,0.05269985,1.27796,-0.5446196,41.12126,-173.3495,-1.906555,-0.08724464,-0.6576548,-0.7482504,41.17025,3,4,4
36.76,0.05197459,1.278057,-0.5444201,40.98828,-173.3867,-1.983124,-0.08693369,-0.6559047,-0.749821,41.01468,3,4,4
36.78,0.05139616,1.278305,-0.5441018,40.92142,-173.5102,-2.02948,-0.08540343,-0.6550233,-0.7507669,40.87627,3,4,4
36.8,0.05118022,1.278427,-0.5440286,40.86256,-173.5803,-2.051788,-0.08456054,-0.6542467,-0.751539,40.79274,3,4,4
36.82,0.05087443,1.278755,-0.5438203,40.69664,-173.7914,-2.141754,-0.08199494,-0.6520539,-0.7537258,40.72453,3,4,4
36.84,0.05066066,1.279089,-0.5435568,40.53799,-174.0032,-2.210327,-0.07939732,-0.6499521,-0.7558163,40.53082,3,4,4
36.86,0.05065416,1.279573,-0.543358,40.33141,-174.272,-2.254913,-0.0760842,-0.6472078,-0.7585073,40.34506,3,4,4
36.88,0.05081831,1.280187,-0.5432711,40.05687,-174.5255,-2.321045,-0.07302124,-0.6435477,-0.7619151,40.10557,3,4,4
36.9,0.0508813,1.280532,-0.5431922,39.89715,-174.6358,-2.343842,-0.07172203,-0.6414115,-0.7638373,39.80173,3,4,4
36.92,0.05106547,1.281387,-0.5431123,39.56141,-174.833,-2.380188,-0.06943083,-0.6369048,-0.7678096,39.6298,3,4,4
36.94,0.05121312,1.28229,-0.5430259,39.16369,-175.0464,-2.301392,-0.06695043,-0.631538,-0.772449,39.27385,3,4,4
36.96,0.05141085,1.283333,-0.5429851,38.73997,-175.2138,-2.288452,-0.06508124,-0.625787,-0.7772743,38.85416,3,4,4
36.98,0.05156871,1.284545,-0.5429591,38.27455,-175.3074,-2.261993,-0.06422525,-0.6194304,-0.78242,38.41489,3,4,4
37,0.05167875,1.28525,-0.5429975,38.01089,-175.3152,-2.213165,-0.06435063,-0.6158112,-0.7852616,37.94328,3,4,4
37.02,0.05190615,1.286694,-0.5430605,37.45459,-175.3509,-2.083344,-0.06434245,-0.6081325,-0.7912238,37.68148,3,4,4
37.04,0.0520292,1.288255,-0.5430775,36.87371,-175.3683,-1.972504,-0.06459667,-0.6000531,-0.7973478,37.12654,3,4,4
37.06,0.05209211,1.290223,-0.5433594,36.08649,-175.2842,-1.784882,-0.06643887,-0.5890059,-0.8053932,36.54966,3,4,4
37.08,0.05215983,1.292321,-0.5436348,35.06807,-175.2142,-1.543823,-0.06828567,-0.5745492,-0.8156164,35.78036,3,4,4
37.1,0.05224339,1.293371,-0.5437212,34.58382,-175.1682,-1.453613,-0.06934689,-0.5676113,-0.8203709,34.77838,3,4,4
37.12,0.05224488,1.29565,-0.5438004,33.64661,-175.0729,-1.333832,-0.07149982,-0.5540689,-0.8293947,34.30452,3,4,4
37.14,0.05221552,1.298292,-0.5441172,32.61095,-174.9002,-1.131927,-0.07487759,-0.5389318,-0.8390148,33.391,3,4,4
37.16,0.05224887,1.301062,-0.544517,31.3828,-174.7633,-0.9057007,-0.07791819,-0.5207533,-0.8501441,32.39477,3,4,4
37.18,0.05224252,1.302495,-0.5446215,30.7948,-174.704,-0.8397217,-0.07928697,-0.5119649,-0.8553395,31.20443,3,4,4
37.2,0.05214922,1.305384,-0.5448369,29.63112,-174.5251,-0.706665,-0.08293264,-0.4944141,-0.8652613,30.63557,3,4,4
37.22,0.05197665,1.30855,-0.5452296,28.30037,-174.3138,-0.5030212,-0.0872367,-0.4740939,-0.8761421,29.52419,3,4,4
37.24,0.0518677,1.311736,-0.5456954,26.82488,-174.1563,-0.2988281,-0.0908596,-0.4512651,-0.8877525,28.26065,3,4,4
37.26,0.0517436,1.314965,-0.5460148,25.35061,-174.0454,-0.1369629,-0.09375028,-0.4281562,-0.8988288,26.8509,3,4,4
37.28,0.05165581,1.318252,-0.5462643,23.89774,-173.9252,0.05150347,-0.0967537,-0.4051055,-0.9091362,25.44071,3,4,4
37.3,0.05164382,1.319868,-0.5463907,23.18417,-173.8537,0.1381381,-0.0984218,-0.393688,-0.91396,24.06353,3,4,4
37.32,0.05156662,1.322878,-0.5464804,21.82631,-173.7673,0.306213,-0.1007836,-0.3717941,-0.9228281,23.39454,3,4,4
37.34,0.051603,1.32575,-0.5464289,20.61069,-173.771,0.4952997,-0.1015578,-0.3520163,-0.930468,22.11521,3,4,4
37.36,0.05167722,1.328761,-0.5465577,19.30711,-173.7254,0.5946026,-0.1031478,-0.3306315,-0.9381064,20.95522,3,4,4
37.38,0.05164719,1.330173,-0.5465513,18.67237,-173.7048,0.6683776,-0.1038793,-0.3201562,-0.9416524,19.73541,3,4,4
37.4,0.05177063,1.33296,-0.54639,17.48573,-173.6864,0.8593218,-0.1048889,-0.3004682,-0.9480071,19.14466,3,4,4
37.42,0.05191621,1.335951,-0.5463566,16.2058,-173.6792,0.9986708,-0.1057199,-0.2790884,-0.9544283,18.04285,3,4,4
37.44,0.051967,1.338689,-0.5462207,14.92477,-173.6467,1.177382,-0.1069254,-0.2575506,-0.9603305,16.86284,3,4,4
37.46,0.0521053,1.341093,-0.5459251,13.87122,-173.6572,1.357,-0.1072558,-0.2397403,-0.9648942,15.70747,3,4,4
37.48,0.0521786,1.34218,-0.5457561,13.39816,-173.6492,1.433207,-0.1076042,-0.2317167,-0.9668137,14.75772,3,4,4
37.5,0.05222948,1.34465,-0.5455646,12.39809,-173.6055,1.557214,-0.1087756,-0.2147028,-0.9706032,14.34237,3,4,4
37.52,0.05236456,1.34699,-0.5453515,11.41159,-173.6049,1.757331,-0.1091822,-0.1978556,-0.9741316,13.49184,3,4,4
37.54,0.05261971,1.34887,-0.544935,10.58193,-173.6811,1.868192,-0.1081902,-0.1836414,-0.9770215,12.65138,3,4,4
37.56,0.05278051,1.351007,-0.5445378,9.75369,-173.7059,1.875236,-0.1080472,-0.169413,-0.9796046,11.91783,3,4,4
37.58,0.05287338,1.352136,-0.5445039,9.256696,-173.705,1.915128,-0.1082194,-0.1608579,-0.9810268,11.23233,3,4,4
37.6,0.05304275,1.353979,-0.5441495,8.396766,-173.7661,2.017351,-0.107424,-0.1460272,-0.9834309,10.8399,3,4,4
37.62,0.05319968,1.355524,-0.5435785,7.744242,-173.8439,2.023066,-0.1062601,-0.1347513,-0.9851654,10.14028,3,4,4
37.64,0.05332631,1.357675,-0.543195,6.906931,-173.8844,2.019192,-0.1057619,-0.1202569,-0.9870932,9.606213,3,4,4
37.66,0.05346051,1.359651,-0.5429783,5.949456,-173.9056,2.062733,-0.1055956,-0.1036511,-0.9889925,8.990251,3,4,4
37.68,0.05363578,1.360295,-0.5427241,5.6001,-173.9353,2.02414,-0.1051472,-0.09758464,-0.9896572,8.352424,3,4,4
37.7,0.05369194,1.361687,-0.5420439,5.044991,-173.9341,2.021882,-0.1052628,-0.08793797,-0.9905487,8.11791,3,4,4
37.72,0.05387443,1.363547,-0.54169,4.355911,-173.9596,2.095847,-0.1049254,-0.07595177,-0.9915756,7.805597,3,4,4
37.74,0.05407666,1.364869,-0.5412366,3.725348,-174.0838,2.170573,-0.1028553,-0.06497378,-0.9925721,7.434557,3,4,4
37.76,0.05423761,1.366203,-0.5406764,3.174802,-174.1308,2.161345,-0.1021003,-0.0553824,-0.9932314,7.041859,3,4,4
37.78,0.05432957,1.36701,-0.5405376,2.841234,-174.1171,2.170506,-0.10237,-0.04956857,-0.993511,6.790556,3,4,4
37.8,0.05443536,1.368569,-0.540188,2.203618,-174.1363,2.257186,-0.1020867,-0.0384509,-0.9940321,6.697439,3,4,4
37.82,0.05454882,1.369786,-0.5395572,1.749988,-174.1588,2.288912,-0.1017244,-0.0305383,-0.9943438,6.517523,3,4,4
37.84,0.05462617,1.371044,-0.5390458,1.357031,-174.0921,2.337781,-0.1028998,-0.02368245,-0.9944099,6.417013,3,4,4
37.86,0.05471446,1.37225,-0.538668,0.9563594,-174.0349,2.405429,-0.1039092,-0.01669085,-0.9944468,6.442964,3,4,4
37.88,0.05475159,1.372756,-0.538494,0.7774764,-174.0011,2.443232,-0.1044995,-0.01356911,-0.9944326,6.483769,3,4,4
37.9,0.05462465,1.373779,-0.5380007,0.4344241,-173.8808,2.475922,-0.1065948,-0.007582058,-0.9942738,6.518456,3,4,4
37.92,0.05454209,1.375011,-0.5374764,0.0553913,-173.6814,2.53006,-0.1100578,-0.0009667603,-0.9939249,6.65399,3,4,4
37.94,0.0544783,1.376128,-0.537075,-0.3675842,-173.5292,2.671876,-0.1126945,0.006415686,-0.9936091,6.891164,3,4,4
37.96,0.05439005,1.377068,-0.5365087,-0.7114868,-173.4177,2.824885,-0.114622,0.01241744,-0.9933317,7.106608,3,4,4
37.98,0.0543323,1.377613,-0.5362349,-0.8668518,-173.3469,2.892149,-0.1158454,0.01512903,-0.9931524,7.285293,3,4,4
38,0.05428534,1.378819,-0.5358103,-1.262665,-173.1992,3.046706,-0.1183893,0.02203599,-0.9927227,7.390482,3,4,4
38.02,0.05434833,1.37986,-0.5353827,-1.657867,-173.1068,3.2313,-0.1199691,0.02893121,-0.9923564,7.637845,3,4,4
38.04,0.05429551,1.380717,-0.534786,-1.974487,-173.0748,3.382484,-0.1205019,0.03445474,-0.9921151,7.847504,3,4,4
38.06,0.05423637,1.381812,-0.5342201,-2.251923,-172.9964,3.455966,-0.1218368,0.03929346,-0.9917721,7.985615,3,4,4
38.08,0.05422587,1.382324,-0.5339682,-2.415375,-172.9513,3.489877,-0.1226038,0.04214377,-0.9915605,8.161495,3,4,4
38.1,0.05421707,1.383243,-0.5334782,-2.73526,-172.9015,3.51709,-0.1234353,0.0477213,-0.9912045,8.267595,3,4,4
38.12,0.05424412,1.384062,-0.5330151,-3.052887,-172.8857,3.49135,-0.1236737,0.05325749,-0.9908929,8.445851,3,4,4
38.14,0.05414389,1.384748,-0.5325744,-3.308807,-172.8842,3.432654,-0.1236695,0.05771738,-0.9906436,8.601059,3,4,4
38.16,0.05420103,1.385377,-0.5321587,-3.527832,-172.8569,3.332823,-0.1241114,0.06153321,-0.9903587,8.721793,3,4,4
38.18,0.05424957,1.385622,-0.5319663,-3.599854,-172.8925,3.292808,-0.1234865,0.06278794,-0.9903579,8.853326,3,4,4
38.2,0.05433657,1.386047,-0.5315464,-3.759064,-172.9688,3.221756,-0.1221466,0.06556094,-0.9903445,8.858073,3,4,4
38.22,0.05433848,1.386381,-0.5311462,-3.863068,-173.0681,3.137308,-0.1204145,0.06737206,-0.9904349,8.873518,3,4,4
38.24,0.05459811,1.386581,-0.530859,-3.856873,-173.2126,3.068746,-0.1179184,0.06726433,-0.9907424,8.842157,3,4,4
38.26,0.05480661,1.386808,-0.5306008,-3.840485,-173.4597,2.997235,-0.1136464,0.06697877,-0.9912609,8.715146,3,4,4
38.28,0.05500978,1.386805,-0.5305536,-3.799683,-173.5932,2.923615,-0.1113425,0.06626818,-0.9915701,8.49491,3,4,4
38.3,0.05547395,1.386641,-0.5304763,-3.663055,-173.8963,2.778711,-0.1061117,0.06388906,-0.9922997,8.359498,3,4,4
38.32,0.05623516,1.386134,-0.5304275,-3.462128,-174.27,2.602018,-0.09965865,0.06038871,-0.9931875,8.02786,3,4,4
38.34,0.05696691,1.385933,-0.5303816,-3.281342,-174.6979,2.414109,-0.09225633,0.05723867,-0.9940888,7.602846,3,4,4
38.36,0.05782834,1.385666,-0.5304447,-3.114807,-175.2168,2.262939,-0.08326226,0.05433702,-0.9950454,7.143338,3,4,4
38.38,0.05832591,1.385511,-0.5304623,-3.033905,-175.5193,2.180784,-0.07801475,0.05292706,-0.9955462,6.620039,3,4,4
38.4,0.05943262,1.385181,-0.5305752,-2.907806,-176.1638,2.008966,-0.06681734,0.05072885,-0.9964749,6.32741,3,4,4
38.42,0.06054322,1.384884,-0.5307142,-2.778564,-176.8431,1.770229,-0.05500637,0.04847625,-0.9973086,5.74334,3,4,4
38.44,0.06112034,1.384675,-0.5307685,-2.680786,-177.1376,1.651369,-0.04988335,0.0467715,-0.9976592,5.150998,3,4,4
38.46,0.06227484,1.384292,-0.5308431,-2.526886,-177.7576,1.453879,-0.03908974,0.0440882,-0.9982626,4.872746,3,4,4
38.48,0.06341081,1.384061,-0.530856,-2.409149,-178.367,1.280152,-0.02847193,0.0420353,-0.9987105,4.343432,3,4,4
38.5,0.06444483,1.383756,-0.5308684,-2.329651,-178.9237,1.149373,-0.01876822,0.04064868,-0.9989972,3.885545,3,4,4
38.52,0.06538802,1.383594,-0.5309277,-2.221649,-179.3982,1.000587,-0.01049528,0.03876545,-0.9991934,3.539833,3,4,4
38.54,0.06630553,1.383524,-0.5310254,-2.161469,-179.7791,0.8876945,-0.003851807,0.03771568,-0.999281,3.254979,3,4,4
38.56,0.06674998,1.383512,-0.5310922,-2.146942,-179.9449,0.8312557,-0.0009612495,0.03746248,-0.9992976,3.090475,3,4,4
38.58,0.06746393,1.383523,-0.5311489,-2.107452,179.7771,0.7603194,0.00388791,0.03677382,-0.9993162,3.043432,3,4,4
38.6,0.06811132,1.383599,-0.5312101,-2.071198,179.5829,0.7380796,0.00727533,0.03614125,-0.9993203,2.968342,3,4,4
38.62,0.06861648,1.38358,-0.5312329,-2.054688,179.4203,0.7671604,0.01011085,0.03585332,-0.999306,2.921546,3,4,4
38.64,0.06909158,1.383539,-0.5312864,-2.056427,179.3277,0.8084127,0.01172528,0.03588377,-0.9992872,2.907037,3,4,4
38.66,0.06926068,1.383548,-0.5313246,-2.075409,179.304,0.8222234,0.01213957,0.03621456,-0.9992702,2.914435,3,4,4
38.68,0.06971257,1.383529,-0.5314907,-2.109131,179.2711,0.8477594,0.0127132,0.03680291,-0.9992421,2.935517,3,4,4
38.7,0.0699475,1.383487,-0.5316383,-2.102173,179.2761,0.8757986,0.01262503,0.03668137,-0.9992472,2.972626,3,4,4
38.72,0.07017114,1.383429,-0.53177,-2.101746,179.2392,0.9297039,0.01326885,0.03667434,-0.9992392,2.965109,3,4,4
38.74,0.07042371,1.383389,-0.5318792,-2.096344,179.173,0.9724196,0.0144243,0.03658009,-0.9992267,2.96854,3,4,4
38.76,0.07056735,1.383379,-0.5319244,-2.076141,179.1276,1.006703,0.01521587,0.03622733,-0.9992281,2.97065,3,4,4
38.78,0.07091892,1.383364,-0.5320465,-2.062347,178.9757,1.03817,0.01786506,0.03598702,-0.9991926,2.956051,3,4,4
38.8,0.07131253,1.383297,-0.5322527,-2.029327,178.8423,0.9962597,0.02019102,0.03541085,-0.9991692,2.967353,3,4,4
38.82,0.07166293,1.383206,-0.5325115,-1.973846,178.7151,0.9521415,0.02241021,0.03444338,-0.9991555,2.963128,3,4,4
38.84,0.07193862,1.383096,-0.5327105,-1.90506,178.5952,0.9540022,0.02450283,0.0332432,-0.9991468,2.941512,3,4,4
38.86,0.07203649,1.383026,-0.5328174,-1.884064,178.5379,0.9329973,0.02550145,0.03287705,-0.9991341,2.911747,3,4,4
38.88,0.07217374,1.382895,-0.5330119,-1.842957,178.4765,0.8794381,0.02657272,0.03216032,-0.9991298,2.911209,3,4,4
38.9,0.07226375,1.38273,-0.5332142,-1.805756,178.4114,0.8384103,0.02770849,0.03151106,-0.9991193,2.894688,3,4,4
38.92,0.07234222,1.382557,-0.5334238,-1.797516,178.3349,0.7864579,0.02904365,0.0313672,-0.9990858,2.885544,3,4,4
38.94,0.07235283,1.382422,-0.5336664,-1.775604,178.3001,0.7272304,0.02964986,0.03098528,-0.99908,2.910268,3,4,4
38.96,0.07232437,1.382369,-0.5337935,-1.768768,178.2887,0.7067081,0.0298494,0.03086571,-0.9990778,2.905758,3,4,4
38.98,0.07222843,1.382268,-0.5339895,-1.74646,178.3246,0.664741,0.02922271,0.0304769,-0.9991084,2.904949,3,4,4
39,0.07208189,1.382206,-0.534152,-1.726318,178.3681,0.6293903,0.02846572,0.03012555,-0.9991407,2.86949,3,4,4
39.02,0.07184141,1.382185,-0.5342655,-1.712158,178.4634,0.6026115,0.02680395,0.02987816,-0.9991941,2.832689,3,4,4
39.04,0.07153704,1.382096,-0.5344231,-1.663361,178.5924,0.5750459,0.02455496,0.0290273,-0.9992771,2.781152,3,4,4
39.06,0.07138261,1.382043,-0.5345013,-1.644806,178.6492,0.5652643,0.02356478,0.02870326,-0.9993102,2.687151,3,4,4
39.08,0.0710133,1.381964,-0.5347045,-1.629303,178.7982,0.5229694,0.02096603,0.02843285,-0.9993759,2.649815,3,4,4
39.1,0.07064213,1.381885,-0.5348933,-1.633331,178.9334,0.4868645,0.0186074,0.02850331,-0.9994204,2.588534,3,4,4
39.12,0.07027236,1.381734,-0.5350331,-1.594208,179.0697,0.4375582,0.01622937,0.02782049,-0.9994813,2.557266,3,4,4
39.14,0.06987588,1.381606,-0.5350909,-1.53656,179.1856,0.3793689,0.01420816,0.02681506,-0.9995393,2.489943,3,4,4
39.16,0.06968505,1.381559,-0.53512,-1.519287,179.2402,0.3543535,0.01325516,0.02651328,-0.9995605,2.413137,3,4,4
39.18,0.06933554,1.38148,-0.5352366,-1.504974,179.3473,0.3021014,0.01138773,0.02626351,-0.9995902,2.388599,3,4,4
39.2,0.06901637,1.381423,-0.5353759,-1.512177,179.4318,0.231105,0.009913383,0.02638949,-0.9996026,2.363309,3,4,4
39.22,0.06872444,1.38132,-0.5355073,-1.483398,179.5184,0.1716724,0.008402426,0.02588716,-0.9996296,2.365792,3,4,4
39.24,0.06846925,1.381277,-0.5355399,-1.466766,179.5822,0.1243326,0.007289421,0.02559733,-0.9996459,2.334813,3,4,4
39.26,0.06835123,1.381287,-0.5355504,-1.484009,179.6183,0.0969183,0.006658871,0.02589802,-0.9996425,2.318324,3,4,4
39.28,0.06814045,1.381356,-0.5355284,-1.511139,179.6592,0.06618174,0.005945533,0.02637118,-0.9996346,2.336908,3,4,4
39.3,0.0680044,1.381337,-0.5355063,-1.505066,179.677,0.08151802,0.005635871,0.02626546,-0.9996392,2.365792,3,4,4
39.32,0.06788831,1.381334,-0.5355124,-1.520477,179.6787,0.07806826,0.005606156,0.02653444,-0.9996322,2.36074,3,4,4
39.34,0.06782637,1.381376,-0.5355554,-1.542603,179.7043,0.05073809,0.005158512,0.02692011,-0.9996244,2.376605,3,4,4
39.36,0.06771067,1.381457,-0.5356325,-1.55957,179.7111,0.03265557,0.005039935,0.02721607,-0.999617,2.400288,3,4,4
39.38,0.06764099,1.381484,-0.5356172,-1.549042,179.7228,0.02201037,0.00483591,0.02703235,-0.9996229,2.417756,3,4,4
39.4,0.06760699,1.381528,-0.5355523,-1.540283,179.7284,0.02662586,0.004738478,0.02687971,-0.9996274,2.407453,3,4,4
39.42,0.06760694,1.381631,-0.535449,-1.582977,179.7073,0.04300547,0.005106382,0.02762459,-0.9996054,2.398738,3,4,4
39.44,0.06761754,1.38164,-0.5354275,-1.597351,179.6975,0.0438056,0.005278074,0.02787528,-0.9995975,2.440078,3,4,4
39.46,0.06764562,1.381565,-0.5353839,-1.595215,179.6793,0.04629972,0.005595158,0.02783824,-0.9995968,2.453995,3,4,4
39.48,0.06767177,1.381389,-0.5354093,-1.574738,179.6672,0.04790801,0.005806264,0.02748105,-0.9996055,2.451282,3,4,4
39.5,0.0677091,1.381297,-0.5353937,-1.565796,179.6629,0.04980711,0.005880716,0.02732506,-0.9996093,2.430997,3,4,4
39.52,0.06774957,1.381248,-0.5353614,-1.548126,179.6761,0.05165557,0.005651905,0.0270168,-0.9996191,2.422124,3,4,4
39.54,0.06776958,1.381214,-0.5353258,-1.531311,179.6852,0.05220227,0.005492428,0.02672345,-0.9996279,2.405176,3,4,4
39.56,0.06780417,1.38112,-0.5352401,-1.472595,179.6938,0.09609598,0.005342327,0.02569904,-0.9996558,2.388927,3,4,4
39.58,0.06787594,1.381085,-0.5351859,-1.46283,179.6961,0.0892115,0.00530218,0.02552851,-0.9996602,2.33003,3,4,4
39.6,0.06792752,1.381017,-0.5351851,-1.430573,179.7218,0.07421891,0.004853167,0.02496573,-0.9996765,2.320434,3,4,4
39.62,0.06799275,1.38092,-0.5351841,-1.380402,179.7285,0.08924387,0.004737459,0.0240902,-0.9996986,2.290038,3,4,4
39.64,0.06801409,1.380871,-0.5351534,-1.377899,179.7345,0.1124373,0.004631683,0.02404675,-0.9997002,2.23992,3,4,4
39.66,0.06809852,1.380862,-0.5350988,-1.383911,179.7537,0.1228323,0.004297139,0.02415122,-0.9996992,2.238259,3,4,4
39.68,0.06817603,1.380869,-0.5349921,-1.392029,179.7705,0.1238267,0.004003898,0.02429322,-0.9996968,2.246289,3,4,4
39.7,0.06826598,1.380805,-0.5349199,-1.375366,179.8031,0.12602,0.003435321,0.02400228,-0.9997062,2.256287,3,4,4
39.72,0.06835049,1.380744,-0.5348769,-1.369232,179.8174,0.1432053,0.003185343,0.02389527,-0.9997093,2.243674,3,4,4
39.74,0.06839853,1.380719,-0.534878,-1.374237,179.8297,0.1481595,0.002972169,0.0239825,-0.9997079,2.239745,3,4,4
39.76,0.06848273,1.380685,-0.5348897,-1.364532,179.8554,0.1395405,0.002523481,0.02381355,-0.9997135,2.246463,3,4,4
39.78,0.06858231,1.380633,-0.5348692,-1.330078,179.8954,0.1321327,0.001824961,0.0232121,-0.9997289,2.240793,3,4,4
39.8,0.06868578,1.380636,-0.5348353,-1.330292,179.9253,0.1535005,0.001302882,0.02321604,-0.9997296,2.212578,3,4,4
39.82,0.06879371,1.38067,-0.5348024,-1.345428,179.9474,0.1844351,0.0009177453,0.02347994,-0.999724,2.218232,3,4,4
39.84,0.06884909,1.380641,-0.5348076,-1.339722,179.9597,0.2059723,0.0007040714,0.02338048,-0.9997265,2.237472,3,4,4
39.86,0.06897882,1.380562,-0.534812,-1.295197,179.9701,0.2205909,0.0005219412,0.02260366,-0.9997444,2.234408,3,4,4
39.88,0.06912457,1.380469,-0.5348808,-1.292786,179.9829,0.250994,0.0002982045,0.02256125,-0.9997454,2.192674,3,4,4
39.9,0.06927255,1.380401,-0.5349456,-1.293182,179.9638,0.294943,0.0006314386,0.02256856,-0.9997452,2.193656,3,4,4
39.92,0.06945518,1.380303,-0.5349566,-1.261047,179.9139,0.3247934,0.001502412,0.02200786,-0.9997566,2.19062,3,4,4
39.94,0.06955773,1.380266,-0.5349423,-1.246368,179.9015,0.3237904,0.001719361,0.02175142,-0.9997619,2.149403,3,4,4
39.96,0.06975077,1.38022,-0.5349147,-1.221405,179.8808,0.3277902,0.002080869,0.02131604,-0.9997706,2.132949,3,4,4
39.98,0.0699339,1.38017,-0.5349268,-1.214111,179.8369,0.3467619,0.002846247,0.02118858,-0.9997714,2.104498,3,4,4
40,0.07010229,1.380114,-0.5349628,-1.178986,179.7918,0.3550484,0.00363306,0.02057592,-0.9997817,2.090409,3,4,4
40.02,0.07027967,1.380075,-0.5350072,-1.168243,179.7202,0.3782457,0.004882367,0.02038841,-0.9997804,2.0488,3,4,4
40.04,0.07038432,1.38007,-0.5350089,-1.156464,179.6858,0.3889145,0.005482722,0.0201825,-0.9997814,2.02999,3,4,4
40.06,0.07060043,1.380019,-0.534999,-1.128296,179.6129,0.4193308,0.006754899,0.01969118,-0.9997833,2.014992,3,4,4
40.08,0.07085241,1.379958,-0.5349516,-1.107574,179.4626,0.4846147,0.009378082,0.01932954,-0.9997692,1.982088,3,4,4
40.1,0.07122479,1.379968,-0.5349323,-1.141388,179.2211,0.5208262,0.01359062,0.01991973,-0.9997092,1.960145,3,4,4
40.12,0.07169637,1.379987,-0.5349818,-1.163391,178.9503,0.4848592,0.01831571,0.02030342,-0.999626,2.017418,3,4,4
40.14,0.07196899,1.379918,-0.5350474,-1.157349,178.7983,0.463057,0.02096702,0.0201984,-0.999576,2.098445,3,4,4
40.16,0.07272647,1.379766,-0.5351462,-1.142426,178.3993,0.4501173,0.02792798,0.01993765,-0.9994115,2.141009,3,4,4
40.18,0.07340264,1.379715,-0.5351933,-1.149628,177.9239,0.3641059,0.03621989,0.02006355,-0.9991428,2.298314,3,4,4
40.2,0.07420274,1.37965,-0.5352019,-1.100983,177.4608,0.2878486,0.0442946,0.01921459,-0.9988338,2.577698,3,4,4
40.22,0.07509462,1.379602,-0.5351937,-1.09433,176.9085,0.294676,0.0539212,0.01909831,-0.9983626,2.861565,3,4,4
40.24,0.07553816,1.379621,-0.5351894,-1.09668,176.6073,0.2853353,0.05916778,0.01913964,-0.9980647,3.288548,3,4,4
40.26,0.07597437,1.379611,-0.5351989,-1.098358,176.3201,0.2724544,0.06417003,0.01916858,-0.9977549,3.54022,3,4,4
40.28,0.07748645,1.379388,-0.5351888,-1.072632,175.3968,0.2440618,0.08024073,0.01872005,-0.9965996,3.787497,3,4,4
40.3,0.07849091,1.379296,-0.5352163,-1.061279,174.7712,0.1661966,0.09111746,0.01852188,-0.9956679,4.603599,3,4,4
40.32,0.07894888,1.379237,-0.5352336,-1.054413,174.4878,0.1034658,0.09604096,0.01840175,-0.9952073,5.181718,3,4,4
40.34,0.07985865,1.379066,-0.5352373,-1.036377,173.9491,0.06256409,0.1053948,0.01808739,-0.9942659,5.447012,3,4,4
40.36,0.08072991,1.378867,-0.5352067,-1.000427,173.3775,0.05857386,0.1153087,0.01745978,-0.9931763,5.955292,3,4,4
40.38,0.08146799,1.378731,-0.5352265,-0.9713135,172.913,-0.002015102,0.1233579,0.01695182,-0.9922177,6.496851,3,4,4
40.4,0.08224235,1.378684,-0.5352998,-0.9434814,172.518,-0.01727295,0.1301974,0.01646635,-0.9913515,6.941333,3,4,4
40.42,0.08261263,1.378616,-0.5353622,-0.9418945,172.3067,-0.01327515,0.1338519,0.01643846,-0.9908649,7.320166,3,4,4
40.44,0.08322279,1.378547,-0.5354109,-0.9364014,171.9492,-0.02697754,0.1400324,0.0163427,-0.9900122,7.52723,3,4,4
40.46,0.08377463,1.378519,-0.5354354,-0.8947449,171.6875,-0.05511475,0.1445553,0.01561573,-0.9893736,7.877886,3,4,4
40.48,0.08426527,1.378443,-0.5354384,-0.8872986,171.4385,-0.01168823,0.1488524,0.01548564,-0.9887381,8.126129,3,4,4
40.5,0.08464126,1.378388,-0.5354602,-0.8923035,171.1882,0.003512497,0.1531706,0.0155728,-0.9880771,8.370319,3,4,4
40.52,0.08486153,1.378322,-0.5354654,-0.887207,171.0982,-0.003090718,0.1547228,0.01548397,-0.9878367,8.619719,3,4,4
40.54,0.08528844,1.378287,-0.5355532,-0.8630066,170.9624,-0.04968262,0.1570641,0.01506192,-0.9874735,8.707525,3,5,5
40.56,0.08551033,1.378291,-0.5356888,-0.8988342,170.8973,-0.1053467,0.1581857,0.0156871,-0.9872848,8.836068,3,5,5
40.58,0.08570355,1.37828,-0.5357362,-0.8980713,170.8166,-0.07528687,0.1595756,0.01567367,-0.9870614,8.907106,3,5,5
40.6,0.08581646,1.378243,-0.5357527,-0.8958435,170.7519,-0.06100464,0.1606898,0.01563467,-0.9868812,8.986644,3,5,5
40.62,0.08601872,1.378179,-0.5357662,-0.8825073,170.6956,-0.0980835,0.1616599,0.0154023,-0.9867262,9.050477,3,5,5
40.64,0.08616538,1.378166,-0.5358187,-0.9006958,170.6821,-0.1086121,0.161893,0.01571926,-0.9866832,9.103082,3,5,5
40.66,0.08633568,1.378213,-0.5358548,-0.9265747,170.6288,-0.08343506,0.1628095,0.0161711,-0.9865249,9.119343,3,5,5
40.68,0.08652585,1.378226,-0.5358826,-0.9202881,170.5888,-0.09268188,0.1634979,0.01606139,-0.986413,9.176803,3,5,5
40.7,0.08665454,1.378213,-0.5359014,-0.9162903,170.598,-0.09915161,0.1633389,0.0159914,-0.9864405,9.214372,3,5,5
40.72,0.08669657,1.378201,-0.5359116,-0.9198914,170.5979,-0.1085205,0.1633405,0.01605419,-0.9864391,9.203424,3,5,5
40.74,0.08675282,1.378151,-0.5359183,-0.8977051,170.6201,-0.1141052,0.1629606,0.0156674,-0.9865082,9.203959,3,5,5
40.76,0.08676169,1.378049,-0.5359193,-0.829834,170.6897,-0.125885,0.161764,0.0144829,-0.9867231,9.177102,3,5,5
40.78,0.08672459,1.377939,-0.5359267,-0.8218689,170.7834,-0.1506348,0.160151,0.01434395,-0.9869885,9.094097,3,5,5
40.8,0.08669988,1.377923,-0.5359373,-0.8166504,170.8146,-0.1671753,0.1596137,0.01425255,-0.9870766,8.998726,3,5,5
40.82,0.08660787,1.37791,-0.535962,-0.8259888,170.9216,-0.1620178,0.1577696,0.01441561,-0.987371,8.966551,3,5,5
40.84,0.08655669,1.377856,-0.5359318,-0.8016052,170.9606,-0.1463623,0.1570974,0.01399008,-0.9874841,8.861444,3,5,5
40.86,0.08657192,1.377817,-0.5358862,-0.7931824,170.9692,-0.1533203,0.1569505,0.01384319,-0.9875094,8.817819,3,5,5
40.88,0.08659455,1.377858,-0.535854,-0.8021545,170.9903,-0.1729126,0.1565868,0.014,-0.987565,8.807565,3,5,5
40.9,0.08661687,1.377883,-0.5357918,-0.8090515,171.0055,-0.1599426,0.1563241,0.01411992,-0.9876053,8.787937,3,5,5
40.92,0.08663544,1.377874,-0.5357596,-0.8188782,171.01,-0.1544495,0.1562468,0.01429146,-0.9876148,8.773755,3,5,5
40.94,0.08663186,1.377895,-0.5356982,-0.799408,171.0295,-0.1615906,0.1559108,0.01395204,-0.9876726,8.771067,3,5,5
40.96,0.08659797,1.3779,-0.5356408,-0.7817993,171.0955,-0.1679077,0.1547737,0.01364464,-0.9878561,8.747655,3,5,5
40.98,0.08656121,1.377929,-0.5355676,-0.7980347,171.1177,-0.1514587,0.1543896,0.01392781,-0.9879119,8.678151,3,5,5
41,0.0865351,1.377961,-0.5355437,-0.8167725,171.1319,-0.14151,0.154144,0.01425498,-0.9879456,8.659118,3,5,5
41.02,0.08645768,1.377962,-0.5354946,-0.819519,171.1446,-0.1173096,0.1539262,0.014303,-0.9879789,8.648722,3,5,5
41.04,0.08640775,1.377947,-0.5354464,-0.8206177,171.174,-0.1209717,0.1534193,0.01432215,-0.9880573,8.637064,3,5,5
41.06,0.08635399,1.378014,-0.5354341,-0.8645325,171.2022,-0.1595154,0.1529312,0.01508833,-0.9881217,8.608112,3,5,5
41.08,0.08628252,1.378101,-0.5354453,-0.8564758,171.2095,-0.1775208,0.1528055,0.01494802,-0.9881436,8.588994,3,5,5
41.1,0.08622377,1.378161,-0.5354435,-0.8290405,171.2473,-0.1933899,0.1521545,0.014469,-0.9882509,8.580369,3,5,5
41.12,0.08618798,1.378185,-0.5354407,-0.8426208,171.257,-0.1914978,0.151987,0.01470591,-0.9882731,8.537205,3,5,5
41.14,0.08608969,1.378219,-0.5354468,-0.8422852,171.2816,-0.2022095,0.1515623,0.01470003,-0.9883386,8.530438,3,5,5
41.16,0.08599135,1.378146,-0.5354533,-0.8182068,171.3297,-0.2068176,0.1507325,0.01427981,-0.9884715,8.5063,3,5,5
41.18,0.08589882,1.378063,-0.5354254,-0.7991333,171.3623,-0.2038879,0.1501716,0.0139469,-0.9885617,8.453822,3,5,5
41.2,0.08585799,1.378047,-0.5354209,-0.8213196,171.3723,-0.2110291,0.1499979,0.01433408,-0.9885826,8.418019,3,5,5
41.22,0.08578171,1.378048,-0.5354558,-0.8526001,171.3887,-0.2174377,0.1497134,0.01487991,-0.9886177,8.412793,3,5,5
41.24,0.08571708,1.378015,-0.5354583,-0.8243713,171.4055,-0.2298584,0.1494244,0.01438749,-0.9886686,8.403287,3,5,5
41.26,0.08571186,1.377971,-0.5354328,-0.7928467,171.3829,-0.2297363,0.1498159,0.01383732,-0.9886171,8.381057,3,5,5
41.28,0.08578354,1.377947,-0.5354091,-0.7728577,171.2525,-0.2426758,0.1520657,0.01348867,-0.9882784,8.397466,3,5,5
41.3,0.08597525,1.377955,-0.5354001,-0.7635803,171.079,-0.276886,0.1550585,0.01332648,-0.9878155,8.523967,3,5,5
41.32,0.08615247,1.377951,-0.5353565,-0.7824097,170.898,-0.2624817,0.1581778,0.0136552,-0.9873164,8.695335,3,5,5
41.34,0.08685484,1.377935,-0.5352121,-0.8239136,170.2812,-0.2982788,0.1687954,0.0143793,-0.9855464,8.879782,3,5,5
41.36,0.08806069,1.377919,-0.5349515,-0.8105164,169.6278,-0.4769897,0.1800246,0.01414555,-0.9835603,9.503695,3,5,5
41.38,0.08891474,1.377789,-0.5347701,-0.7698059,169.0235,-0.6474304,0.1903884,0.0134354,-0.981617,10.15226,3,5,5
41.4,0.0893854,1.377781,-0.5347172,-0.7809448,168.698,-0.7380981,0.1959618,0.01362977,-0.9805168,10.75074,3,5,5
41.42,0.09024119,1.377598,-0.5345165,-0.784729,168.0136,-0.8419495,0.2076597,0.01369578,-0.9781054,11.07871,3,5,5
41.44,0.09107418,1.377425,-0.5342817,-0.7313232,167.3861,-1.015503,0.2183618,0.01276366,-0.9757844,11.76676,3,5,5
41.46,0.09184998,1.37723,-0.5341053,-0.6568909,166.8467,-1.193451,0.2275427,0.01146474,-0.9737006,12.39037,3,5,5
41.48,0.09257503,1.377091,-0.5339895,-0.6344299,166.3383,-1.356415,0.2361742,0.01107271,-0.9716477,12.92375,3,5,5
41.5,0.0929006,1.377055,-0.5339981,-0.6643982,166.1194,-1.440796,0.2398831,0.01159593,-0.9707327,13.43312,3,5,5
41.52,0.09341589,1.376996,-0.5339268,-0.6885376,165.7735,-1.576538,0.2457385,0.01201681,-0.9692617,13.65693,3,5,5
41.54,0.09383987,1.37681,-0.53386,-0.680542,165.5251,-1.673096,0.2499377,0.01187716,-0.9681892,14.00799,3,5,5
41.56,0.09406012,1.376665,-0.5338248,-0.6351624,165.4221,-1.735382,0.251681,0.01108561,-0.9677467,14.25693,3,5,5
41.58,0.09434444,1.376537,-0.5337939,-0.588501,165.4898,-1.750702,0.2505385,0.01027136,-0.9680523,14.35544,3,5,5
41.6,0.09427907,1.376495,-0.5338259,-0.5616455,165.5772,-1.729736,0.2490637,0.009802217,-0.9684376,14.27973,3,5,5
41.62,0.09402929,1.376413,-0.5339405,-0.5151672,165.8097,-1.67746,0.2451331,0.008991336,-0.9694479,14.18852,3,5,5
41.64,0.09367132,1.376315,-0.5340046,-0.4372253,166.1479,-1.654999,0.23941,0.007630956,-0.9708887,13.94881,3,5,5
41.66,0.09310845,1.37623,-0.5340708,-0.3636169,166.6058,-1.594238,0.2316449,0.006346447,-0.9727799,13.59917,3,5,5
41.68,0.09207202,1.37627,-0.5341855,-0.3135681,167.1926,-1.506622,0.2216713,0.005472635,-0.975106,13.1295,3,5,5
41.7,0.09170012,1.376255,-0.5342563,-0.2787781,167.5287,-1.44989,0.2159483,0.004865543,-0.9763928,12.53388,3,5,5
41.72,0.0907556,1.376163,-0.5344044,-0.2214661,168.2043,-1.307831,0.2044204,0.00386504,-0.9788757,12.19067,3,5,5
41.74,0.08978772,1.37613,-0.5345467,-0.1704407,168.9557,-1.227722,0.1915665,0.002974682,-0.9814752,11.50323,3,5,5
41.76,0.0886568,1.376053,-0.534698,-0.09902954,169.7609,-1.133636,0.1777556,0.001728189,-0.9840732,10.73928,3,5,5
41.78,0.08751441,1.376005,-0.5348424,-0.02157593,170.581,-1.03714,0.1636533,0.0003764916,-0.9865178,9.919724,3,5,5
41.8,0.08687427,1.375982,-0.5349216,-0.01422119,170.9787,-0.9775085,0.1568017,0.0002483788,-0.98763,9.084326,3,5,5
41.82,0.08562925,1.376012,-0.5350847,-0.03118896,171.7849,-0.8701172,0.1428905,0.0005444543,-0.9897388,8.682903,3,5,5
41.84,0.08437029,1.37599,-0.535194,-0.05862427,172.5866,-0.809021,0.1290276,0.001023114,-0.9916405,7.872552,3,5,5
41.86,0.08310205,1.376031,-0.5352974,-0.09542847,173.4148,-0.8519897,0.1146811,0.001665579,-0.993401,7.069771,3,5,5
41.88,0.08183082,1.375994,-0.5354344,-0.1057434,174.2949,-0.8373413,0.09940764,0.001845422,-0.9950452,6.244159,3,5,5
41.9,0.08122714,1.375934,-0.5354772,-0.1119995,174.7065,-0.7815857,0.09225724,0.001954708,-0.9957334,5.365785,3,5,5
41.92,0.07994162,1.375817,-0.5354875,-0.08917236,175.4515,-0.6742249,0.07930343,0.001556543,-0.9968494,4.957131,3,5,5
41.94,0.07861143,1.375816,-0.535548,-0.01010132,176.246,-0.5845642,0.06547216,0.0001760614,-0.9978544,4.21524,3,5,5
41.96,0.07749799,1.375923,-0.5356054,0.02107507,176.9726,-0.53125,0.05281295,-0.0003678294,-0.9986042,3.414607,3,5,5
41.98,0.07640276,1.376011,-0.5356257,0.002522021,177.5723,-0.4559631,0.0423591,-4.401756E-05,-0.9991027,2.698346,3,5,5
42,0.07586125,1.375989,-0.5356785,-0.01177979,177.8836,-0.3967285,0.03693027,0.0002055884,-0.9993179,2.136892,3,5,5
42.02,0.07485331,1.376019,-0.5356942,-0.0173645,178.511,-0.2755127,0.02598509,0.0003030286,-0.9996623,1.85899,3,5,5
42.04,0.07405599,1.376007,-0.5356284,-0.04040527,178.9436,-0.1348572,0.01843676,0.0007054401,-0.9998297,1.333102,3,5,5
42.06,0.07333004,1.375963,-0.5355576,-0.04980469,179.319,-0.08465576,0.01188513,0.0008692232,-0.9999291,1.061463,3,5,5
42.08,0.07291395,1.376,-0.5355374,-0.0697937,179.5326,-0.07095337,0.008157823,0.001218249,-0.999966,0.9236568,3,5,5
42.1,0.07221273,1.376135,-0.5355377,-0.164093,179.964,0.03599804,0.0006279268,0.002863733,-0.9999959,0.9236568,3,5,5
42.12,0.07163591,1.376191,-0.5354723,-0.2442932,-179.7452,0.1610515,-0.004447288,0.004263907,-0.9999811,1.118201,3,5,5
42.14,0.07106711,1.37624,-0.5353311,-0.261261,-179.4945,0.2406977,-0.00882236,0.004559718,-0.9999507,1.333982,3,5,5
42.16,0.07050551,1.376314,-0.5352094,-0.271759,-179.2155,0.3076159,-0.01369226,0.004742909,-0.9998949,1.504152,3,5,5
42.18,0.07025304,1.376449,-0.5352089,-0.3275146,-179.0906,0.352305,-0.01587101,0.005716371,-0.9998578,1.712236,3,5,5
42.2,0.06985033,1.37672,-0.5351987,-0.4733887,-178.874,0.4281179,-0.01965063,0.008262162,-0.9997727,1.844617,3,5,5
42.22,0.06937589,1.376871,-0.5351011,-0.6016846,-178.6822,0.4748386,-0.02299711,0.01050106,-0.9996803,2.107379,3,5,5
42.24,0.0689524,1.37708,-0.5349872,-0.6823425,-178.4271,0.4990877,-0.02744742,0.01190907,-0.9995522,2.33967,3,5,5
42.26,0.06843672,1.377247,-0.5349251,-0.8006287,-178.1382,0.5938318,-0.03248486,0.01397334,-0.9993749,2.593821,3,5,5
42.28,0.06819286,1.377314,-0.5348654,-0.8355408,-178.0138,0.6412503,-0.03465575,0.0145824,-0.9992929,2.901105,3,5,5
42.3,0.06775699,1.377393,-0.5347605,-0.8775024,-177.8025,0.7531357,-0.0383399,0.01531465,-0.9991474,3.024657,3,5,5
42.32,0.06736697,1.377498,-0.5346365,-0.8979492,-177.609,0.8002713,-0.04171292,0.01567146,-0.9990067,3.226161,3,5,5
42.34,0.0669769,1.377588,-0.5345563,-0.9793396,-177.4055,0.8303542,-0.04526025,0.01709192,-0.9988291,3.40266,3,5,5
42.36,0.06670598,1.377686,-0.5344811,-1.00882,-177.2516,0.8630536,-0.0479431,0.01760609,-0.9986948,3.621582,3,5,5
42.38,0.06659328,1.377704,-0.5344421,-0.9878235,-177.2079,0.8997573,-0.04870529,0.01724011,-0.9986646,3.771176,3,5,5
42.4,0.06641982,1.37769,-0.5343806,-0.9795227,-177.1471,0.964007,-0.04976501,0.01709532,-0.998615,3.798802,3,5,5
42.42,0.06634589,1.377706,-0.5343806,-0.9907532,-177.0954,0.9978835,-0.0506652,0.01729131,-0.998566,3.848223,3,5,5
42.44,0.06631552,1.377688,-0.5343734,-0.9640198,-177.0688,0.9786654,-0.05112895,0.01682475,-0.9985504,3.899681,3,5,5
42.46,0.0663263,1.377592,-0.5343557,-0.9124146,-177.0562,0.9875162,-0.05135026,0.01592383,-0.9985538,3.910713,3,5,5
42.48,0.06634308,1.377541,-0.5343378,-0.8992615,-177.0571,1.007178,-0.05133387,0.01569457,-0.9985583,3.898124,3,5,5
42.5,0.06639652,1.377458,-0.534338,-0.8614502,-177.0731,1.033947,-0.05105605,0.01503441,-0.9985827,3.891488,3,5,5
42.52,0.06645636,1.377319,-0.5343625,-0.7859802,-177.1037,1.044104,-0.05052415,0.01371767,-0.9986286,3.860061,3,5,5
42.54,0.06655866,1.377184,-0.5343881,-0.7427979,-177.1271,1.038769,-0.05011582,0.01296385,-0.9986593,3.798596,3,5,5
42.56,0.06665441,1.377139,-0.5344461,-0.7280273,-177.146,1.051433,-0.04978641,0.01270621,-0.998679,3.759007,3,5,5
42.58,0.06670792,1.377114,-0.5344788,-0.7075806,-177.179,1.053045,-0.04921185,0.01234924,-0.9987122,3.735754,3,5,5
42.6,0.06683156,1.376996,-0.5345233,-0.6439819,-177.2357,1.060931,-0.04822405,0.01123911,-0.9987733,3.696711,3,5,5
42.62,0.06698749,1.376867,-0.5345858,-0.6062927,-177.2976,1.065119,-0.04714499,0.01058164,-0.9988322,3.617687,3,5,5
42.64,0.06709523,1.376837,-0.534691,-0.5908813,-177.3436,1.070773,-0.04634456,0.01031244,-0.9988722,3.54536,3,5,5
42.66,0.06720398,1.376795,-0.5347805,-0.5808105,-177.3929,1.057514,-0.04548459,0.01013707,-0.9989138,3.49676,3,5,5
42.68,0.06726124,1.376741,-0.5348213,-0.5574646,-177.4116,1.052559,-0.04515798,0.009729565,-0.9989325,3.447306,3,5,5
42.7,0.06733711,1.376644,-0.5349122,-0.5331421,-177.4334,1.039618,-0.04477835,0.009304925,-0.9989536,3.420508,3,5,5
42.72,0.06736732,1.376578,-0.5349989,-0.5195007,-177.4642,1.032691,-0.04424097,0.009067104,-0.9989797,3.390671,3,5,5
42.74,0.06745037,1.37652,-0.5350491,-0.527771,-177.4489,0.956006,-0.04450881,0.009211104,-0.9989666,3.35643,3,5,5
42.76,0.06740177,1.376487,-0.5351187,-0.5505676,-177.3457,0.9353336,-0.04630677,0.009608872,-0.9988811,3.375103,3,5,5
42.78,0.06730864,1.376476,-0.5351475,-0.5757751,-177.3036,0.9664121,-0.04704048,0.0100488,-0.9988425,3.480653,3,5,5
42.8,0.06712688,1.376481,-0.5352137,-0.6119385,-177.208,1.004346,-0.04870682,0.01068013,-0.998756,3.529919,3,5,5
42.82,0.06688166,1.376528,-0.5352774,-0.6497192,-176.9996,0.9427372,-0.0523387,0.01133937,-0.9985651,3.633295,3,5,5
42.84,0.06651659,1.37663,-0.5353194,-0.6615906,-176.7122,0.9496168,-0.05734812,0.01154642,-0.9982876,3.842775,3,5,5
42.86,0.06613491,1.376774,-0.5353235,-0.7134399,-176.4912,1.043342,-0.06119655,0.0124517,-0.9980482,4.116801,3,5,5
42.88,0.06596044,1.37683,-0.5353129,-0.7236023,-176.3708,1.069748,-0.06329319,0.01262916,-0.9979151,4.343884,3,5,5
42.9,0.06558374,1.376891,-0.5352693,-0.7442627,-176.0805,1.095876,-0.0683492,0.01298951,-0.9975769,4.461332,3,5,5
42.92,0.06514681,1.376915,-0.5351901,-0.7603149,-175.7684,1.144447,-0.07378199,0.01326985,-0.9971862,4.744953,3,5,5
42.94,0.06472352,1.376887,-0.5351439,-0.7901611,-175.5101,1.232807,-0.07827644,0.01379065,-0.9968364,5.049155,3,6,6
42.96,0.06452392,1.376849,-0.5351188,-0.79245,-175.395,1.259793,-0.08027866,0.01383055,-0.9966766,5.306959,3,6,6
42.98,0.06414006,1.376785,-0.5350095,-0.7739258,-175.1245,1.264889,-0.0849838,0.01350729,-0.9962908,5.418589,3,6,6
43,0.0637551,1.37674,-0.5348899,-0.7503662,-174.8784,1.322081,-0.08926158,0.01309598,-0.9959222,5.674955,3,6,6
43.02,0.06349736,1.376695,-0.5347549,-0.7143555,-174.7704,1.392072,-0.09113941,0.01246746,-0.9957601,5.907438,3,6,6
43.04,0.06333296,1.376647,-0.5346259,-0.6633301,-174.7186,1.425551,-0.09204186,0.01157701,-0.995688,6.002504,3,6,6
43.06,0.06325264,1.376579,-0.5345216,-0.6069641,-174.7194,1.408848,-0.0920276,0.01059351,-0.9957001,6.039328,3,6,6
43.08,0.06328987,1.37653,-0.5344856,-0.582428,-174.7493,1.395987,-0.09150843,0.01016525,-0.9957524,6.023792,3,6,6
43.1,0.06344401,1.376434,-0.5344027,-0.5430908,-174.9019,1.336242,-0.0888567,0.009478811,-0.9959997,5.988281,3,6,6
43.12,0.06368206,1.376375,-0.5343324,-0.5186462,-175.1189,1.329061,-0.08508433,0.009052084,-0.9963326,5.828135,3,6,6
43.14,0.06408066,1.376293,-0.5342443,-0.4858398,-175.44,1.281119,-0.07950012,0.008479256,-0.9967988,5.608255,3,6,6
43.16,0.06453146,1.376177,-0.5341589,-0.436676,-175.7628,1.204718,-0.07388343,0.007621507,-0.9972377,5.28435,3,6,6
43.18,0.06477682,1.376108,-0.5341187,-0.4126587,-175.9422,1.160094,-0.07076055,0.007202305,-0.9974674,4.955352,3,6,6
43.2,0.06531919,1.37603,-0.5340668,-0.3905334,-176.3623,1.091153,-0.0634462,0.00681622,-0.9979619,4.773396,3,6,6
43.22,0.06603651,1.375948,-0.5340474,-0.3591919,-176.7928,0.9645381,-0.05594522,0.006269058,-0.9984142,4.357569,3,6,6
43.24,0.0663097,1.375919,-0.5339936,-0.3121033,-177.0129,0.9012275,-0.0521104,0.005447441,-0.9986267,3.932185,3,6,6
43.26,0.06694759,1.375801,-0.5338972,-0.2616577,-177.4567,0.8154839,-0.04437396,0.00456694,-0.9990044,3.704912,3,6,6
43.28,0.06769179,1.375783,-0.5338548,-0.2572327,-177.964,0.765208,-0.03552755,0.004489433,-0.9993587,3.263268,3,6,6
43.3,0.06849126,1.375716,-0.5338005,-0.2489014,-178.4832,0.6473968,-0.02646931,0.004343949,-0.9996403,2.784177,3,6,6
43.32,0.06926677,1.375691,-0.5337162,-0.2275085,-178.9468,0.5001606,-0.01838111,0.003970887,-0.9998232,2.307832,3,6,6
43.34,0.0699858,1.375662,-0.5337074,-0.2480774,-179.4194,0.4284838,-0.01013306,0.004329702,-0.9999394,1.897233,3,6,6
43.36,0.07041042,1.375672,-0.5337043,-0.2617493,-179.6649,0.402738,-0.005848305,0.004568629,-0.9999726,1.544717,3,6,6
43.38,0.07116855,1.375586,-0.533643,-0.2554321,179.8306,0.3467425,0.002956523,0.00445803,-0.9999856,1.394654,3,6,6
43.4,0.07193086,1.375573,-0.5335666,-0.2256165,179.3735,0.2290045,0.01093352,0.003937687,-0.9999326,1.160621,3,6,6
43.42,0.0727586,1.375647,-0.5335234,-0.258667,178.9046,0.1795929,0.01911664,0.004514645,-0.9998071,1.096287,3,6,6
43.44,0.07357434,1.375662,-0.5334551,-0.3069153,178.369,0.119178,0.02846157,0.005356821,-0.9995805,1.280694,3,6,6
43.46,0.07398861,1.375629,-0.5334512,-0.3182373,178.1355,0.05881022,0.03253468,0.005554112,-0.9994552,1.649838,3,6,6
43.48,0.07467961,1.375618,-0.5335118,-0.2954712,177.7255,-0.05374146,0.03968682,0.005157144,-0.9991989,1.831949,3,6,6
43.5,0.07532738,1.375629,-0.5335362,-0.3202209,177.3328,-0.1511536,0.04653336,0.00558885,-0.9989012,2.153405,3,6,6
43.52,0.07585616,1.375577,-0.5335018,-0.3360901,176.9976,-0.1763,0.05237627,0.005865913,-0.9986102,2.509519,3,6,6
43.54,0.07642999,1.375578,-0.5334659,-0.3421326,176.6735,-0.2467346,0.05802534,0.005971233,-0.9982973,2.82057,3,6,6
43.56,0.07666564,1.375558,-0.5334654,-0.35495,176.5306,-0.29245,0.06051422,0.00619476,-0.9981481,3.122927,3,6,6
43.58,0.07710307,1.375579,-0.5334853,-0.3672485,176.3276,-0.3990173,0.06405066,0.006409631,-0.9979263,3.261708,3,6,6
43.6,0.07753618,1.375615,-0.5335246,-0.372467,176.1318,-0.4146423,0.06746084,0.006500981,-0.9977008,3.457004,3,6,6
43.62,0.07799115,1.375565,-0.5335674,-0.4250183,175.8763,-0.3693542,0.07190772,0.007418062,-0.9973841,3.644058,3,6,6
43.64,0.07834398,1.375496,-0.5335935,-0.3869019,175.6761,-0.3745117,0.07539241,0.006752877,-0.9971311,3.905702,3,6,6
43.66,0.07849484,1.37547,-0.5336066,-0.3765869,175.6041,-0.3934631,0.07664528,0.006572696,-0.9970366,4.08538,3,6,6
43.68,0.07879372,1.375459,-0.5336486,-0.3643494,175.4456,-0.4427185,0.07940327,0.006359162,-0.9968223,4.151525,3,6,6
43.7,0.07904802,1.375481,-0.5337016,-0.3256226,175.2987,-0.4715881,0.08196023,0.005683207,-0.9966195,4.301156,3,6,6
43.72,0.07925466,1.375422,-0.5337631,-0.2776489,175.2117,-0.5084229,0.08347377,0.004845655,-0.9964983,4.433012,3,6,6
43.74,0.07939924,1.375378,-0.5338498,-0.2776489,175.1189,-0.4887085,0.0850867,0.004845743,-0.9963619,4.504805,3,6,6
43.76,0.07946464,1.375346,-0.5338888,-0.2703247,175.0878,-0.5050049,0.08562897,0.004718166,-0.9963159,4.595933,3,6,6
43.78,0.07954481,1.37525,-0.5339447,-0.2483826,175.0672,-0.5530396,0.08598689,0.004335023,-0.9962869,4.624698,3,6,6
43.8,0.07956623,1.375116,-0.5339706,-0.2289429,175.0526,-0.5679932,0.08623977,0.003995718,-0.9962665,4.639288,3,6,6
43.82,0.07958756,1.375045,-0.5339792,-0.2460327,175.0048,-0.5413513,0.08707219,0.004294224,-0.9961928,4.649073,3,6,6
43.84,0.07961923,1.375036,-0.5340151,-0.2516479,174.9957,-0.5529785,0.08722917,0.004391995,-0.9961786,4.700863,3,6,6
43.86,0.07963154,1.375037,-0.5340618,-0.2531433,174.9958,-0.5523682,0.08722875,0.004418335,-0.9961785,4.71102,3,6,6
43.88,0.07966286,1.374983,-0.5342025,-0.2260132,174.9993,-0.5523071,0.08716784,0.003944816,-0.9961859,4.711228,3,6,6
43.9,0.07968681,1.374982,-0.5342463,-0.2134705,174.9694,-0.5237732,0.08768766,0.003725966,-0.996141,4.701113,3,6,6
43.92,0.07970988,1.375017,-0.5342695,-0.2183838,174.9562,-0.5332336,0.08791693,0.003811505,-0.9961207,4.72783,3,6,6
43.94,0.07968818,1.37504,-0.5342606,-0.2225342,174.9523,-0.534729,0.08798467,0.003883781,-0.9961143,4.741897,3,6,6
43.96,0.07969205,1.375062,-0.5342298,-0.2165222,174.9259,-0.5215149,0.08844239,0.003778983,-0.9960743,4.746893,3,6,6
43.98,0.07976272,1.375064,-0.534208,-0.2540588,174.8473,-0.4865723,0.08981017,0.004434161,-0.995949,4.771672,3,6,6
44,0.07986736,1.375071,-0.5342042,-0.2691956,174.7739,-0.4866333,0.09108591,0.004698068,-0.995832,4.858373,3,6,6
44.02,0.0800418,1.375047,-0.5341765,-0.2520142,174.6368,-0.4694824,0.09346863,0.004398494,-0.9956127,4.934393,3,6,6
44.04,0.08031451,1.375011,-0.5341338,-0.2471313,174.4204,-0.4938354,0.09722719,0.004313353,-0.9952528,5.066007,3,6,6
44.06,0.08045602,1.374989,-0.5341152,-0.2481995,174.3258,-0.5157471,0.09887074,0.004331761,-0.9950909,5.279491,3,6,6
44.08,0.08072681,1.374959,-0.5340327,-0.2435913,174.1393,-0.5585022,0.1021092,0.004251507,-0.9947641,5.373558,3,6,6
44.1,0.08106089,1.374951,-0.5339853,-0.2444153,173.9167,-0.5753174,0.1059723,0.004265942,-0.9943601,5.557777,3,6,6
44.12,0.08138703,1.374913,-0.5339672,-0.2238464,173.7202,-0.619751,0.1093838,0.003906907,-0.9939921,5.779096,3,6,6
44.14,0.08155546,1.374905,-0.5339756,-0.2246704,173.6292,-0.6463013,0.1109608,0.003921297,-0.9938171,5.970742,3,7,7
44.16,0.0819032,1.374909,-0.5339858,-0.2487488,173.4187,-0.6418152,0.1146127,0.004341705,-0.9934009,6.061263,3,7,7
44.18,0.08221998,1.374882,-0.5339766,-0.2602234,173.2308,-0.6706543,0.1178683,0.004541574,-0.993019,6.27548,3,7,7
44.2,0.08251297,1.374859,-0.5339671,-0.2464294,173.0723,-0.7133484,0.120615,0.00430121,-0.9926901,6.464718,3,7,7
44.22,0.08273906,1.374826,-0.5339446,-0.2615051,172.9312,-0.7313843,0.1230597,0.004564211,-0.9923888,6.620247,3,7,7
44.24,0.08300754,1.374806,-0.5339181,-0.2846375,172.7746,-0.7362976,0.1257721,0.004967783,-0.9920468,6.763787,3,7,7
44.26,0.08315073,1.3748,-0.533904,-0.2828979,172.6996,-0.7423401,0.1270702,0.004937259,-0.9918814,6.924103,3,7,7
44.28,0.0834548,1.374795,-0.5339146,-0.2812195,172.5302,-0.7611084,0.1300018,0.004908325,-0.9915017,6.998491,3,7,7
44.3,0.08381056,1.374844,-0.5339023,-0.3072815,172.328,-0.7767334,0.1335008,0.005363221,-0.9910343,7.167273,3,7,7
44.32,0.08419608,1.374894,-0.5338582,-0.3299255,172.1222,-0.8251343,0.1370588,0.005758389,-0.9905462,7.373471,3,7,7
44.34,0.08436266,1.374921,-0.5338361,-0.3347778,172.0181,-0.8505859,0.1388573,0.005842966,-0.9902952,7.582453,3,7,7
44.36,0.08469029,1.37495,-0.5337976,-0.3433533,171.8059,-0.859375,0.1425245,0.005992874,-0.9897733,7.687327,3,7,7
44.38,0.08508507,1.374955,-0.5337733,-0.3725891,171.5601,-0.9135132,0.1467687,0.006502783,-0.9891496,7.901049,3,7,7
44.4,0.08549089,1.374984,-0.5337818,-0.3950195,171.3629,-1.005219,0.1501727,0.006894471,-0.9886359,8.151578,3,7,7
44.42,0.08590995,1.37498,-0.5338166,-0.4150085,171.1653,-1.055115,0.1535811,0.007243278,-0.9881098,8.351883,3,7,7
44.44,0.08610569,1.374987,-0.5338183,-0.4367676,171.04,-1.073151,0.1557405,0.007623198,-0.9877685,8.552076,3,7,7
44.46,0.08650929,1.374947,-0.5338157,-0.4938965,170.7745,-1.081085,0.1603148,0.008619812,-0.9870285,8.680866,3,7,7
44.48,0.08681405,1.374916,-0.5337793,-0.4952698,170.5981,-1.132477,0.1633519,0.008643793,-0.98653,8.95572,3,7,7
44.5,0.08706786,1.37489,-0.5337847,-0.4873047,170.4648,-1.209808,0.1656474,0.008504763,-0.9861485,9.132327,3,7,7
44.52,0.08728743,1.37492,-0.5338346,-0.4779053,170.3538,-1.246552,0.1675576,0.008341107,-0.9858272,9.264378,3,7,7
44.54,0.08737075,1.374934,-0.5338651,-0.4635315,170.3226,-1.253418,0.1680943,0.008090035,-0.9857377,9.373874,3,7,7
44.56,0.08747894,1.374925,-0.5339413,-0.4389343,170.306,-1.263275,0.168382,0.007660654,-0.9856921,9.402806,3,7,7
44.58,0.08745016,1.374907,-0.5340005,-0.4506836,170.3446,-1.257202,0.1677175,0.007865951,-0.9858038,9.415424,3,7,7
44.6,0.08736886,1.374877,-0.5340364,-0.4473572,170.3883,-1.250366,0.1669651,0.007807664,-0.9859319,9.378214,3,7,7
44.62,0.08715816,1.374808,-0.5340687,-0.4248352,170.5415,-1.237427,0.1643296,0.007414945,-0.9863776,9.333973,3,7,7
44.64,0.0870472,1.374748,-0.5341045,-0.4096985,170.6115,-1.221954,0.1631238,0.007150602,-0.9865797,9.177016,3,7,7
44.66,0.08681939,1.374655,-0.5341921,-0.4037476,170.7423,-1.20401,0.1608717,0.007046759,-0.9869503,9.1047,3,7,7
44.68,0.08655371,1.374558,-0.5343113,-0.3721619,170.9185,-1.221741,0.1578356,0.006495289,-0.9874444,8.972925,3,7,7
44.7,0.08622153,1.374416,-0.5343972,-0.289917,171.1175,-1.208282,0.1544069,0.005060219,-0.9879946,8.791625,3,7,7
44.72,0.08594059,1.374323,-0.5344332,-0.2410583,171.2377,-1.188843,0.1523335,0.004207468,-0.9883202,8.580666,3,7,7
44.74,0.08582083,1.374322,-0.5344459,-0.2416687,171.2881,-1.192169,0.151464,0.004218053,-0.9884538,8.454009,3,7,7
44.76,0.08561786,1.374346,-0.5344486,-0.2372131,171.3846,-1.217499,0.1497995,0.00414003,-0.9887079,8.403707,3,7,7
44.78,0.0854939,1.374315,-0.5344131,-0.2272339,171.4378,-1.231995,0.1488812,0.003965739,-0.9888475,8.306643,3,7,7
44.8,0.08544023,1.374303,-0.5343477,-0.2348328,171.4039,-1.232178,0.1494665,0.004098552,-0.9887583,8.252144,3,7,7
44.82,0.08547083,1.374326,-0.5342709,-0.2645569,171.3631,-1.283173,0.1501702,0.00461722,-0.9886493,8.287995,3,7,7
44.84,0.0854663,1.374336,-0.5342267,-0.2810974,171.3497,-1.308228,0.1504008,0.004906152,-0.9886129,8.333218,3,7,7
44.86,0.08547765,1.374366,-0.5341212,-0.2984314,171.3102,-1.348145,0.1510831,0.005208463,-0.9885074,8.349085,3,7,7
44.88,0.08549263,1.374425,-0.533999,-0.3099976,171.2637,-1.347321,0.1518852,0.005410558,-0.9883834,8.391547,3,7,7
44.9,0.08546175,1.374486,-0.5338824,-0.3324585,171.2596,-1.36441,0.1519558,0.005802366,-0.9883702,8.440222,3,7,7
44.92,0.08538985,1.37455,-0.5337855,-0.3613586,171.3353,-1.426727,0.1506488,0.006306952,-0.9885672,8.447781,3,7,7
44.94,0.08526953,1.374563,-0.533762,-0.3479309,171.4496,-1.483734,0.1486758,0.006072483,-0.9888674,8.375808,3,7,7
44.96,0.08488249,1.374609,-0.53372,-0.3460083,171.7515,-1.47757,0.1434633,0.006039092,-0.9896376,8.258732,3,7,7
44.98,0.08444262,1.374663,-0.5336636,-0.37854,172.0376,-1.436035,0.1385194,0.006606969,-0.9903376,7.95547,3,7,7
45,0.08354532,1.374788,-0.5336192,-0.4078979,172.4136,-1.372803,0.1320181,0.007119016,-0.9912218,7.674449,3,7,7
45.02,0.08277922,1.374902,-0.5335879,-0.4439087,172.9078,-1.339233,0.1234636,0.00774781,-0.9923189,7.30616,3,7,7
45.04,0.08196741,1.37496,-0.5335336,-0.4732666,173.4591,-1.282654,0.113908,0.008260201,-0.993457,6.820615,3,7,7
45.06,0.08153131,1.374935,-0.5335093,-0.4801025,173.7187,-1.222412,0.109407,0.008379022,-0.9939618,6.279353,3,7,7
45.08,0.08080365,1.374866,-0.5334632,-0.4604492,174.221,-1.145081,0.1006885,0.008036491,-0.9948856,6.024573,3,7,7
45.1,0.07993592,1.374925,-0.5333817,-0.4484253,174.7405,-1.091095,0.09166379,0.007826588,-0.9957593,5.524709,3,7,7
45.12,0.07918213,1.37498,-0.5332967,-0.4638367,175.2409,-1.03064,0.082964,0.008095261,-0.9965198,5.012431,3,7,7
45.14,0.07837979,1.375003,-0.5332261,-0.4582214,175.7305,-0.9815369,0.0744446,0.007997426,-0.997193,4.529651,3,7,7
45.16,0.0779545,1.375007,-0.5331684,-0.4444885,175.977,-0.9411621,0.07015525,0.007757478,-0.9975063,4.056565,3,7,7
45.18,0.07721185,1.375037,-0.5330514,-0.4302368,176.4444,-0.8858032,0.06201532,0.007509001,-0.998047,3.816904,3,7,7
45.2,0.07656178,1.375053,-0.5330054,-0.4740295,176.8304,-0.8161621,0.05528973,0.008273086,-0.9984361,3.370575,3,7,7
45.22,0.07600443,1.375054,-0.532934,-0.4850769,177.1857,-0.7763062,0.04909726,0.008465838,-0.9987583,3.033252,3,7,7
45.24,0.07570101,1.375068,-0.5328791,-0.4960327,177.3611,-0.7669373,0.04603987,0.008657034,-0.9989024,2.720957,3,7,7
45.26,0.07512227,1.375196,-0.5327888,-0.5537415,177.7223,-0.6797485,0.03974112,0.009664662,-0.9991632,2.574354,3,7,7
45.28,0.07463536,1.375189,-0.5326635,-0.6195984,178.0094,-0.5748291,0.03473303,0.01081375,-0.9993383,2.308086,3,7,7
45.3,0.07416526,1.37541,-0.5325239,-0.6860962,178.2483,-0.514801,0.03056528,0.01197415,-0.999461,2.133683,3,7,7
45.32,0.07376476,1.375553,-0.5323873,-0.7462769,178.5058,-0.5260925,0.02607301,0.01302446,-0.9995752,2.019551,3,7,7
45.34,0.07359309,1.375623,-0.5323457,-0.7607117,178.6423,-0.5100403,0.02369106,0.01327631,-0.9996312,1.915711,3,7,7
45.36,0.07328495,1.375781,-0.5322067,-0.7994385,178.8517,-0.4005127,0.02003766,0.01395263,-0.9997019,1.857937,3,7,7
45.38,0.07289763,1.375966,-0.5320454,-0.8824463,178.9877,-0.3122253,0.01766417,0.01540085,-0.9997255,1.802548,3,7,7
45.4,0.072634,1.376139,-0.5318658,-0.9576416,179.1568,-0.2834778,0.014714,0.01671333,-0.999752,1.836217,3,7,7
45.42,0.07235326,1.376218,-0.5316662,-1.019928,179.3159,-0.2527161,0.01193724,0.0178002,-0.9997703,1.868127,3,7,7
45.44,0.07224599,1.376233,-0.5315621,-1.046021,179.3772,-0.2293091,0.01086806,0.01825538,-0.9997743,1.906391,3,7,7
45.46,0.07203787,1.376267,-0.5313514,-1.094757,179.4813,-0.2064819,0.009051461,0.01910589,-0.9997765,1.927524,3,7,7
45.48,0.07182977,1.37627,-0.5311569,-1.131317,179.6108,-0.1799316,0.006791346,0.01974408,-0.9997822,1.972289,3,7,7
45.5,0.071602,1.376288,-0.5309868,-1.163208,179.7391,-0.1888733,0.004553402,0.02030056,-0.9997836,2.011492,3,7,7
45.52,0.07139843,1.376256,-0.5308149,-1.163422,179.8413,-0.1701965,0.002769522,0.02030396,-0.9997899,2.054237,3,7,7
45.54,0.07128183,1.376249,-0.5307194,-1.162048,179.8755,-0.1410522,0.002172003,0.02027996,-0.9997921,2.068668,3,7,7
45.56,0.07108933,1.376233,-0.5305471,-1.185181,179.9526,-0.1421814,0.0008276922,0.02068372,-0.9997859,2.073016,3,7,7
45.58,0.07094599,1.376194,-0.5303589,-1.1828,-179.9707,-0.1409302,-0.0005108592,0.02064208,-0.9997868,2.111184,3,7,7
45.6,0.07082453,1.376236,-0.5302012,-1.225189,-179.9116,-0.1439209,-0.001543389,0.02138192,-0.9997702,2.126609,3,7,7
45.62,0.07075673,1.37626,-0.5301239,-1.237183,-179.8819,-0.1350403,-0.002061638,0.02159105,-0.9997648,2.183461,3,7,7
45.64,0.07065281,1.376295,-0.5299535,-1.279785,-179.8668,-0.139801,-0.002324671,0.02233437,-0.9997478,2.203359,3,7,7
45.66,0.07056953,1.376314,-0.5297536,-1.311005,-179.8628,-0.1523743,-0.002393378,0.02287941,-0.9997357,2.248989,3,7,7
45.68,0.07049213,1.376365,-0.5295559,-1.345459,-179.8617,-0.1896362,-0.002413561,0.02348033,-0.9997214,2.280704,3,7,7
45.7,0.07040371,1.376404,-0.5293616,-1.375488,-179.8615,-0.2365723,-0.00241681,0.0240045,-0.999709,2.314607,3,7,7
45.72,0.07036904,1.376409,-0.5292678,-1.417511,-179.8539,-0.254364,-0.002549223,0.02473772,-0.9996907,2.343682,3,7,7
45.74,0.07027804,1.37653,-0.5291009,-1.472595,-179.8606,-0.2711487,-0.002431928,0.02569896,-0.9996668,2.387205,3,7,7
45.76,0.07018525,1.376605,-0.5289311,-1.535431,-179.8521,-0.2810364,-0.002579841,0.02679527,-0.999638,2.438955,3,7,7
45.78,0.0700677,1.376689,-0.5287818,-1.579224,-179.8339,-0.2971802,-0.002897233,0.02755939,-0.999616,2.502724,3,7,7
45.8,0.06992774,1.376773,-0.5286544,-1.616882,-179.8147,-0.3082886,-0.003232314,0.02821604,-0.9995965,2.550061,3,7,7
45.82,0.0698533,1.376821,-0.528597,-1.63092,-179.8043,-0.316803,-0.003414631,0.02846093,-0.9995894,2.591632,3,7,7
45.84,0.06972248,1.376854,-0.5284801,-1.662048,-179.8017,-0.3025208,-0.003459447,0.02900422,-0.9995733,2.60782,3,7,7
45.86,0.06959386,1.376859,-0.528372,-1.681946,-179.8022,-0.2987976,-0.00345083,0.02935114,-0.9995632,2.638934,3,7,7
45.88,0.06946918,1.376866,-0.5282953,-1.723694,-179.7836,-0.3076172,-0.003775136,0.03007941,-0.9995404,2.658149,3,7,7
45.9,0.0693152,1.376891,-0.5282221,-1.763184,-179.7994,-0.3236694,-0.003498614,0.03076833,-0.9995205,2.703998,3,7,7
45.92,0.06923417,1.376905,-0.5281925,-1.771301,-179.7935,-0.3217468,-0.00360198,0.03091013,-0.9995157,2.738597,3,7,7
45.94,0.06904735,1.376921,-0.5281505,-1.793152,-179.787,-0.3446045,-0.003715195,0.03129122,-0.9995035,2.748016,3,7,7
45.96,0.06884138,1.376937,-0.5281181,-1.824951,-179.7819,-0.374054,-0.003805249,0.03184623,-0.9994859,2.770928,3,7,7
45.98,0.06861544,1.376942,-0.5281075,-1.8284,-179.771,-0.4178162,-0.003995367,0.03190598,-0.999483,2.803166,3,7,7
46,0.06837891,1.376933,-0.5281223,-1.828186,-179.7576,-0.454071,-0.004227827,0.03190254,-0.999482,2.809095,3,7,7
46.02,0.06825315,1.376906,-0.5281466,-1.833252,-179.7388,-0.4759216,-0.004556494,0.03199058,-0.9994779,2.811881,3,7,7
46.04,0.06800601,1.376859,-0.5282025,-1.821625,-179.7055,-0.5186157,-0.005137603,0.0317881,-0.9994814,2.821888,3,7,7
46.06,0.06776524,1.376822,-0.5282807,-1.825439,-179.6941,-0.5332947,-0.005336324,0.0318546,-0.9994782,2.81932,3,7,7
46.08,0.0675079,1.376715,-0.5283558,-1.807953,-179.6789,-0.5594177,-0.005600603,0.03154934,-0.9994865,2.826116,3,7,7
46.1,0.06738324,1.376671,-0.5284064,-1.797333,-179.6535,-0.5845337,-0.006044432,0.03136427,-0.9994901,2.813412,3,7,7
46.12,0.06713995,1.376655,-0.5285542,-1.831299,-179.6248,-0.6660461,-0.006544979,0.03195664,-0.9994681,2.810488,3,7,7
46.14,0.0669383,1.376626,-0.5287001,-1.795471,-179.5944,-0.7018738,-0.0070761,0.03133165,-0.9994841,2.851904,3,7,7
46.16,0.06673541,1.376578,-0.5288145,-1.728088,-179.5697,-0.7355042,-0.007507276,0.03015643,-0.9995171,2.826324,3,7,7
46.18,0.06652413,1.376505,-0.5289266,-1.680969,-179.5341,-0.7826843,-0.008127695,0.02933418,-0.9995366,2.768808,3,7,7
